9999.0 9999.0 9999.0 9999.0 9999.0 9999.0 9999.0 9999.0 9999.0 9999.0 9999.0 9999.0 9999.0 9999.0 9999.0 9999.0 9999.0 9999.0 
9999.0 9999.0 9999.0 9999.0 9999.0 9999.0 9999.0 9999.0 9999.0 9999.0 9999.0 9999.0 9999.0 9999.0 9999.0 9999.0 9999.0 9999.0 
9999.0 9999.0 49.70 46.80 44.44 50.76 56.72 57.28 58.50 64.88 62.94 58.02 57.84 58.19 9999.0 9999.0 9999.0 9999.0 
9999.0 9999.0 53.73 49.92 47.71 51.33 53.00 54.62 58.97 58.70 56.95 62.62 56.60 62.17 9999.0 9999.0 9999.0 9999.0 
9999.0 9999.0 57.51 47.79 47.79 72.34 70.27 73.53 71.62 81.34 79.52 61.35 60.39 64.40 9999.0 9999.0 9999.0 9999.0 
9999.0 9999.0 51.35 48.86 52.30 86.27 88.95 80.09 90.32 98.99 93.47 53.26 58.54 61.17 9999.0 9999.0 9999.0 9999.0 
9999.0 9999.0 56.07 53.35 50.22 73.97 78.38 73.34 83.06 80.89 55.45 59.57 58.72 9999.0 9999.0 9999.0 9999.0 9999.0 
9999.0 9999.0 50.92 54.97 50.78 73.27 76.35 82.94 87.17 83.11 58.98 57.87 58.22 9999.0 9999.0 9999.0 9999.0 9999.0 
9999.0 9999.0 61.77 55.61 56.76 99.43 114.73 106.97 111.46 107.63 63.99 60.31 61.96 9999.0 9999.0 9999.0 9999.0 9999.0 
9999.0 9999.0 65.40 55.76 56.00 92.99 102.60 104.07 112.63 99.24 90.99 66.05 65.62 9999.0 9999.0 9999.0 9999.0 9999.0 
9999.0 9999.0 58.41 58.13 49.95 77.38 102.95 102.04 107.86 107.51 86.84 68.20 65.20 9999.0 9999.0 9999.0 9999.0 9999.0 
9999.0 9999.0 67.37 66.70 55.82 86.74 115.44 110.85 119.01 117.43 97.36 71.78 70.12 9999.0 9999.0 9999.0 9999.0 9999.0 
9999.0 9999.0 73.99 68.08 60.68 87.30 111.90 114.08 123.26 113.65 96.92 73.11 75.08 9999.0 9999.0 9999.0 9999.0 9999.0 
9999.0 9999.0 74.30 74.45 66.40 102.83 123.55 131.69 143.74 140.84 113.71 76.02 75.82 75.34 9999.0 9999.0 9999.0 9999.0 
9999.0 9999.0 81.96 81.00 71.95 94.76 107.97 126.57 136.58 112.74 81.13 79.75 81.16 81.31 9999.0 9999.0 9999.0 9999.0 
9999.0 9999.0 85.57 81.96 75.10 96.02 107.77 130.16 126.51 106.06 88.21 81.48 80.41 87.13 9999.0 9999.0 9999.0 9999.0 
9999.0 9999.0 92.14 88.13 80.83 115.93 137.42 145.39 151.17 131.69 125.08 81.97 83.14 83.62 9999.0 9999.0 9999.0 9999.0 
9999.0 9999.0 100.68 97.08 86.43 115.04 125.65 136.04 142.54 124.51 117.78 88.85 87.44 90.44 9999.0 9999.0 9999.0 9999.0 
9999.0 9999.0 96.77 98.19 89.58 114.35 123.95 142.89 144.52 131.92 87.69 87.70 86.83 88.06 9999.0 9999.0 9999.0 9999.0 
9999.0 9999.0 104.93 106.36 95.01 129.44 147.87 147.31 163.41 145.68 98.31 89.86 89.81 91.50 9999.0 9999.0 9999.0 9999.0 
9999.0 9999.0 111.07 106.48 99.75 129.99 145.50 141.33 140.64 118.70 97.45 94.54 94.96 97.47 9999.0 9999.0 9999.0 9999.0 
9999.0 9999.0 115.65 112.35 105.57 144.47 166.71 174.67 173.93 150.15 99.04 96.08 95.93 94.21 9999.0 9999.0 9999.0 9999.0 
9999.0 9999.0 122.89 120.42 111.30 133.46 155.83 167.82 152.56 132.70 116.31 97.46 97.37 101.07 9999.0 9999.0 9999.0 9999.0 
9999.0 9999.0 124.28 120.45 114.45 140.31 156.74 164.32 148.04 131.86 116.73 98.67 98.67 102.76 9999.0 9999.0 9999.0 9999.0 
9999.0 9999.0 130.09 128.71 120.68 165.37 187.41 172.94 168.73 158.33 138.49 99.72 100.82 102.77 9999.0 9999.0 9999.0 9999.0 
9999.0 9999.0 138.69 137.02 126.67 166.92 177.41 168.29 160.10 139.78 131.18 105.38 105.53 108.69 9999.0 9999.0 9999.0 9999.0 
9999.0 9999.0 134.92 138.22 129.82 155.50 173.63 174.52 174.39 162.66 138.02 104.46 104.69 9999.0 9999.0 9999.0 9999.0 9999.0 
9999.0 9999.0 144.56 146.53 138.87 163.17 177.41 172.53 174.85 157.93 130.56 110.14 108.48 9999.0 9999.0 9999.0 9999.0 9999.0 
9999.0 9999.0 158.30 156.86 147.70 171.81 173.83 152.82 155.21 146.25 137.07 116.63 115.57 9999.0 9999.0 9999.0 9999.0 9999.0 
9999.0 9999.0 163.61 167.40 156.44 164.75 167.48 142.39 151.09 156.83 132.85 120.25 118.82 9999.0 9999.0 9999.0 9999.0 9999.0 
9999.0 9999.0 9999.0 9999.0 9999.0 9999.0 9999.0 9999.0 9999.0 9999.0 9999.0 9999.0 9999.0 9999.0 9999.0 9999.0 9999.0 9999.0 
9999.0 9999.0 9999.0 9999.0 9999.0 9999.0 9999.0 9999.0 9999.0 9999.0 9999.0 9999.0 9999.0 9999.0 9999.0 9999.0 9999.0 9999.0 
9999.0 9999.0 9999.0 9999.0 9999.0 9999.0 9999.0 9999.0 9999.0 9999.0 9999.0 9999.0 9999.0 9999.0 9999.0 9999.0 9999.0 9999.0 
9999.0 9999.0 9999.0 9999.0 9999.0 9999.0 9999.0 9999.0 9999.0 9999.0 9999.0 9999.0 9999.0 9999.0 9999.0 9999.0 9999.0 9999.0 
9999.0 9999.0 43.34 52.49 44.27 50.77 57.99 53.02 56.86 62.77 59.28 63.05 59.00 9999.0 9999.0 9999.0 9999.0 9999.0 
9999.0 9999.0 46.28 47.83 44.94 52.67 60.19 58.46 60.91 67.30 61.95 61.88 60.77 9999.0 9999.0 9999.0 9999.0 9999.0 
9999.0 9999.0 53.42 52.70 49.45 55.05 71.58 77.11 76.86 79.14 68.39 60.64 57.84 61.64 9999.0 9999.0 9999.0 9999.0 
9999.0 9999.0 51.77 45.60 43.72 88.88 80.79 78.12 84.95 81.99 97.91 56.61 58.32 9999.0 9999.0 9999.0 9999.0 9999.0 
9999.0 9999.0 53.14 54.05 50.56 60.57 85.88 84.01 102.54 106.76 77.00 60.52 61.47 9999.0 9999.0 9999.0 9999.0 9999.0 
9999.0 9999.0 59.75 58.28 52.99 71.11 79.40 95.64 92.43 109.06 62.27 62.24 61.22 9999.0 9999.0 9999.0 9999.0 9999.0 
9999.0 9999.0 59.45 56.18 57.66 73.51 90.56 112.37 122.52 116.06 65.30 62.44 62.22 9999.0 9999.0 9999.0 9999.0 9999.0 
9999.0 9999.0 65.34 55.99 62.82 80.71 89.90 101.85 108.35 97.90 72.51 66.21 67.23 9999.0 9999.0 9999.0 9999.0 9999.0 
9999.0 9999.0 66.15 57.86 60.37 91.05 114.26 113.08 113.42 137.08 108.79 69.36 65.24 9999.0 9999.0 9999.0 9999.0 9999.0 
9999.0 9999.0 65.91 62.21 65.68 94.24 120.11 117.68 143.69 138.38 122.51 74.93 70.85 9999.0 9999.0 9999.0 9999.0 9999.0 
9999.0 9999.0 73.42 70.62 75.42 78.94 102.00 129.88 122.49 125.13 93.29 78.55 74.87 9999.0 9999.0 9999.0 9999.0 9999.0 
9999.0 9999.0 80.82 76.48 67.55 89.15 99.66 129.58 153.13 131.11 95.21 77.01 75.35 9999.0 9999.0 9999.0 9999.0 9999.0 
9999.0 9999.0 85.49 77.26 74.13 99.87 109.04 116.86 131.60 128.12 82.50 82.55 80.09 81.86 9999.0 9999.0 9999.0 9999.0 
9999.0 9999.0 87.19 81.81 80.17 95.93 118.69 121.02 124.19 127.52 87.17 82.57 81.30 9999.0 9999.0 9999.0 9999.0 9999.0 
9999.0 9999.0 90.65 87.32 83.13 114.28 121.21 141.55 154.81 142.85 129.71 83.62 85.32 9999.0 9999.0 9999.0 9999.0 9999.0 
9999.0 9999.0 98.27 94.32 99.29 100.00 112.08 131.41 141.85 132.80 98.66 90.26 88.57 9999.0 9999.0 9999.0 9999.0 9999.0 
9999.0 9999.0 103.39 99.11 94.93 108.97 127.47 144.18 146.06 164.51 137.27 88.96 87.42 9999.0 9999.0 9999.0 9999.0 9999.0 
9999.0 9999.0 104.33 101.71 98.91 140.85 142.36 151.88 169.09 152.09 140.66 90.44 90.88 9999.0 9999.0 9999.0 9999.0 9999.0 
9999.0 9999.0 112.23 108.26 106.86 123.35 135.74 145.58 137.78 148.04 95.97 93.45 94.15 9999.0 9999.0 9999.0 9999.0 9999.0 
9999.0 9999.0 117.99 113.62 108.13 135.47 143.99 171.02 179.37 144.52 104.06 97.47 94.47 97.19 9999.0 9999.0 9999.0 9999.0 
9999.0 9999.0 124.70 116.75 114.90 133.41 148.45 162.34 171.08 135.84 121.22 98.06 98.89 101.25 9999.0 9999.0 9999.0 9999.0 
9999.0 9999.0 126.73 121.48 120.22 133.85 155.52 161.63 176.40 164.41 100.00 100.42 98.96 104.67 9999.0 9999.0 9999.0 9999.0 
9999.0 9999.0 132.96 126.90 122.84 143.18 164.93 166.33 189.71 150.13 144.35 101.70 102.06 103.31 9999.0 9999.0 9999.0 9999.0 
9999.0 9999.0 141.45 135.99 131.96 150.52 164.47 173.91 166.91 166.27 121.25 107.11 106.31 108.69 9999.0 9999.0 9999.0 9999.0 
9999.0 9999.0 144.93 138.32 134.73 161.93 184.05 186.03 183.26 176.38 148.01 105.42 103.06 9999.0 9999.0 9999.0 9999.0 9999.0 
9999.0 9999.0 145.25 145.19 138.02 169.91 181.98 182.90 187.12 167.42 154.04 112.04 108.44 9999.0 9999.0 9999.0 9999.0 9999.0 
9999.0 9999.0 158.62 160.13 149.68 154.50 154.77 150.22 156.13 138.10 123.87 116.79 114.40 9999.0 9999.0 9999.0 9999.0 9999.0 
9999.0 9999.0 169.16 166.25 159.95 178.27 159.05 171.40 175.41 155.49 148.37 120.15 118.23 122.82 9999.0 9999.0 9999.0 9999.0 
9999.0 9999.0 9999.0 9999.0 9999.0 9999.0 9999.0 9999.0 9999.0 9999.0 9999.0 9999.0 9999.0 9999.0 9999.0 9999.0 9999.0 9999.0 
9999.0 9999.0 9999.0 9999.0 9999.0 9999.0 9999.0 9999.0 9999.0 9999.0 9999.0 9999.0 9999.0 9999.0 9999.0 9999.0 9999.0 9999.0 
9999.0 9999.0 9999.0 9999.0 9999.0 9999.0 9999.0 9999.0 9999.0 9999.0 9999.0 9999.0 9999.0 9999.0 9999.0 9999.0 9999.0 9999.0 
9999.0 9999.0 9999.0 9999.0 9999.0 9999.0 9999.0 9999.0 9999.0 9999.0 9999.0 9999.0 9999.0 9999.0 9999.0 9999.0 9999.0 9999.0 
9999.0 9999.0 40.77 45.17 37.35 40.50 49.11 50.63 56.85 54.17 64.73 64.79 54.87 9999.0 9999.0 9999.0 9999.0 9999.0 
9999.0 9999.0 43.47 43.88 43.68 41.99 49.88 58.16 57.05 64.38 57.06 54.63 59.51 9999.0 9999.0 9999.0 9999.0 9999.0 
9999.0 9999.0 51.72 48.28 42.57 46.89 50.39 69.74 71.42 65.18 71.22 60.27 56.10 9999.0 9999.0 9999.0 9999.0 9999.0 
9999.0 9999.0 52.01 46.92 42.99 49.62 65.07 57.27 82.04 82.19 75.43 64.10 57.47 9999.0 9999.0 9999.0 9999.0 9999.0 
9999.0 9999.0 56.26 52.62 52.29 69.37 81.62 80.19 91.86 94.16 89.62 59.96 59.53 9999.0 9999.0 9999.0 9999.0 9999.0 
9999.0 9999.0 57.86 60.86 56.91 60.54 79.10 89.74 81.03 104.23 77.01 62.29 57.81 9999.0 9999.0 9999.0 9999.0 9999.0 
9999.0 9999.0 62.86 59.41 63.04 84.45 91.01 97.09 110.60 117.53 71.86 61.52 62.46 9999.0 9999.0 9999.0 9999.0 9999.0 
9999.0 9999.0 67.44 61.45 64.57 82.71 93.49 101.53 112.27 108.34 94.53 64.33 63.79 9999.0 9999.0 9999.0 9999.0 9999.0 
9999.0 9999.0 59.67 59.64 60.06 78.44 98.79 95.28 98.91 127.52 109.75 68.69 65.90 9999.0 9999.0 9999.0 9999.0 9999.0 
9999.0 9999.0 68.26 67.91 67.13 81.94 100.15 121.25 125.20 124.07 121.05 71.75 71.24 9999.0 9999.0 9999.0 9999.0 9999.0 
9999.0 9999.0 71.22 75.20 74.00 73.22 101.03 112.03 125.82 125.82 100.94 76.40 70.60 9999.0 9999.0 9999.0 9999.0 9999.0 
9999.0 9999.0 77.36 78.52 79.99 86.41 103.32 103.86 117.17 137.52 116.09 82.54 75.33 9999.0 9999.0 9999.0 9999.0 9999.0 
9999.0 9999.0 83.12 76.55 80.70 98.54 103.61 120.89 132.38 124.02 107.37 81.21 78.90 9999.0 9999.0 9999.0 9999.0 9999.0 
9999.0 9999.0 84.26 86.99 81.29 87.38 113.65 115.91 107.80 139.85 107.64 83.43 80.47 9999.0 9999.0 9999.0 9999.0 9999.0 
9999.0 9999.0 90.52 91.93 92.45 89.95 111.32 119.46 132.32 142.44 124.24 88.34 85.05 9999.0 9999.0 9999.0 9999.0 9999.0 
9999.0 9999.0 98.49 98.51 98.64 110.97 116.43 127.24 137.20 130.56 118.74 87.65 86.57 9999.0 9999.0 9999.0 9999.0 9999.0 
9999.0 9999.0 100.75 102.44 102.44 118.67 114.25 111.09 125.13 145.59 137.28 90.99 87.15 9999.0 9999.0 9999.0 9999.0 9999.0 
9999.0 9999.0 108.09 103.25 109.62 120.39 131.80 152.14 162.65 146.85 130.46 92.95 92.89 9999.0 9999.0 9999.0 9999.0 9999.0 
9999.0 9999.0 111.51 116.28 111.59 118.07 151.66 149.27 147.75 148.50 124.43 95.33 92.97 9999.0 9999.0 9999.0 9999.0 9999.0 
9999.0 9999.0 115.00 115.64 115.78 125.73 138.97 147.54 162.42 154.43 111.05 101.66 93.20 9999.0 9999.0 9999.0 9999.0 9999.0 
9999.0 9999.0 120.60 124.11 122.84 135.40 149.90 166.29 168.48 150.92 130.13 102.35 100.46 9999.0 9999.0 9999.0 9999.0 9999.0 
9999.0 9999.0 125.67 125.54 125.69 130.96 154.96 159.70 159.86 150.90 125.12 105.05 100.36 9999.0 9999.0 9999.0 9999.0 9999.0 
9999.0 9999.0 130.84 130.15 130.66 142.84 152.57 165.01 172.37 165.29 145.67 104.11 102.75 9999.0 9999.0 9999.0 9999.0 9999.0 
9999.0 9999.0 139.85 141.92 143.28 160.32 170.46 177.98 188.16 151.96 142.06 105.83 104.94 9999.0 9999.0 9999.0 9999.0 9999.0 
9999.0 9999.0 141.34 138.42 141.36 169.35 172.73 160.91 172.60 171.87 158.57 108.41 105.26 9999.0 9999.0 9999.0 9999.0 9999.0 
9999.0 9999.0 147.86 139.00 144.71 146.41 160.06 161.88 150.04 136.79 116.55 108.46 109.81 9999.0 9999.0 9999.0 9999.0 9999.0 
9999.0 9999.0 149.23 156.27 147.84 154.64 159.75 156.98 153.64 143.96 119.68 115.19 111.70 9999.0 9999.0 9999.0 9999.0 9999.0 
9999.0 9999.0 168.52 162.48 159.73 161.22 147.65 149.57 159.80 136.00 123.40 122.65 115.83 9999.0 9999.0 9999.0 9999.0 9999.0 
9999.0 9999.0 9999.0 9999.0 9999.0 9999.0 9999.0 9999.0 9999.0 9999.0 9999.0 9999.0 9999.0 9999.0 9999.0 9999.0 9999.0 9999.0 
9999.0 9999.0 9999.0 9999.0 9999.0 9999.0 9999.0 9999.0 9999.0 9999.0 9999.0 9999.0 9999.0 9999.0 9999.0 9999.0 9999.0 9999.0 
9999.0 9999.0 9999.0 9999.0 9999.0 9999.0 9999.0 9999.0 9999.0 9999.0 9999.0 9999.0 9999.0 9999.0 9999.0 9999.0 9999.0 9999.0 
9999.0 9999.0 9999.0 9999.0 9999.0 9999.0 9999.0 9999.0 9999.0 9999.0 9999.0 9999.0 9999.0 9999.0 9999.0 9999.0 9999.0 9999.0 
9999.0 9999.0 34.05 39.32 34.35 41.39 45.92 49.11 47.06 48.70 52.03 57.84 57.84 9999.0 9999.0 9999.0 9999.0 9999.0 
9999.0 9999.0 43.49 37.26 39.64 42.01 43.91 43.62 46.94 46.81 48.88 54.99 53.12 9999.0 9999.0 9999.0 9999.0 9999.0 
9999.0 9999.0 45.93 47.71 41.81 48.56 60.54 73.90 61.20 76.10 69.46 54.73 61.47 9999.0 9999.0 9999.0 9999.0 9999.0 
9999.0 9999.0 54.91 51.90 50.92 46.59 76.57 68.21 79.89 88.08 66.25 65.37 58.18 9999.0 9999.0 9999.0 9999.0 9999.0 
9999.0 9999.0 64.02 53.30 55.11 86.46 94.85 86.05 101.53 87.90 100.97 62.45 61.74 9999.0 9999.0 9999.0 9999.0 9999.0 
9999.0 9999.0 57.85 56.54 57.71 83.07 92.41 85.66 100.16 110.92 95.76 68.45 9999.0 9999.0 9999.0 9999.0 9999.0 9999.0 
9999.0 9999.0 63.41 61.39 58.54 86.42 83.96 69.91 99.06 84.77 104.53 68.32 63.60 9999.0 9999.0 9999.0 9999.0 9999.0 
9999.0 9999.0 74.16 69.41 64.60 100.99 112.24 109.05 116.32 107.42 105.39 74.22 65.29 9999.0 9999.0 9999.0 9999.0 9999.0 
9999.0 9999.0 71.14 69.98 67.43 72.75 95.46 112.96 110.25 114.92 96.96 77.56 67.53 9999.0 9999.0 9999.0 9999.0 9999.0 
9999.0 9999.0 77.26 69.63 70.94 101.50 96.24 116.82 121.99 108.35 108.84 70.34 70.27 9999.0 9999.0 9999.0 9999.0 9999.0 
9999.0 9999.0 81.53 86.35 75.60 102.57 121.35 128.78 121.93 137.55 119.99 97.91 72.98 9999.0 9999.0 9999.0 9999.0 9999.0 
9999.0 9999.0 85.08 89.58 82.01 99.01 105.80 85.67 114.81 110.94 119.85 97.64 76.41 9999.0 9999.0 9999.0 9999.0 9999.0 
9999.0 9999.0 102.55 91.42 83.52 110.40 113.07 118.57 125.87 108.14 116.24 80.26 78.61 9999.0 9999.0 9999.0 9999.0 9999.0 
9999.0 9999.0 86.56 92.20 96.90 89.48 125.21 112.29 117.11 135.29 118.03 84.26 81.72 9999.0 9999.0 9999.0 9999.0 9999.0 
9999.0 9999.0 97.47 96.53 94.06 114.80 108.41 100.96 129.25 121.62 120.17 89.18 85.36 9999.0 9999.0 9999.0 9999.0 9999.0 
9999.0 9999.0 112.57 108.54 99.75 124.93 132.22 124.04 144.30 143.13 135.48 94.73 88.59 9999.0 9999.0 9999.0 9999.0 9999.0 
9999.0 9999.0 107.08 107.80 108.81 114.25 125.96 143.00 136.84 131.32 125.63 97.47 89.64 9999.0 9999.0 9999.0 9999.0 9999.0 
9999.0 9999.0 119.60 111.22 111.22 137.87 137.59 146.48 150.49 132.66 142.80 90.63 92.97 9999.0 9999.0 9999.0 9999.0 9999.0 
9999.0 9999.0 118.33 126.70 116.80 142.89 157.03 151.41 145.03 162.45 139.71 105.54 94.48 9999.0 9999.0 9999.0 9999.0 9999.0 
9999.0 9999.0 127.41 125.39 120.52 144.65 137.72 136.23 163.33 137.02 114.69 104.44 95.78 9999.0 9999.0 9999.0 9999.0 9999.0 
9999.0 9999.0 141.07 125.80 125.22 152.92 158.26 169.32 161.50 150.23 146.36 98.73 99.10 9999.0 9999.0 9999.0 9999.0 9999.0 
9999.0 9999.0 134.45 133.17 130.17 147.08 160.14 159.61 166.54 160.41 132.80 103.42 99.65 9999.0 9999.0 9999.0 9999.0 9999.0 
9999.0 9999.0 137.96 146.43 136.06 155.44 153.69 143.45 167.26 140.77 141.05 104.09 103.78 9999.0 9999.0 9999.0 9999.0 9999.0 
9999.0 9999.0 153.77 150.35 147.82 173.28 179.65 178.53 172.64 162.83 150.78 116.65 106.00 9999.0 9999.0 9999.0 9999.0 9999.0 
9999.0 9999.0 144.66 154.72 147.72 149.34 173.74 171.92 158.95 151.73 124.98 111.93 107.72 9999.0 9999.0 9999.0 9999.0 9999.0 
9999.0 9999.0 149.84 140.44 145.02 152.75 154.44 149.88 164.91 128.34 122.11 106.27 109.48 9999.0 9999.0 9999.0 9999.0 9999.0 
9999.0 9999.0 152.32 158.66 148.09 161.99 156.30 157.15 144.14 128.52 122.36 119.85 111.51 9999.0 9999.0 9999.0 9999.0 9999.0 
9999.0 9999.0 164.32 162.79 151.53 157.82 156.22 138.90 142.42 125.69 121.95 119.57 114.16 9999.0 9999.0 9999.0 9999.0 9999.0 
9999.0 9999.0 9999.0 9999.0 9999.0 9999.0 9999.0 9999.0 9999.0 9999.0 9999.0 9999.0 9999.0 9999.0 9999.0 9999.0 9999.0 9999.0 
9999.0 9999.0 9999.0 9999.0 9999.0 9999.0 9999.0 9999.0 9999.0 9999.0 9999.0 9999.0 9999.0 9999.0 9999.0 9999.0 9999.0 9999.0 
9999.0 9999.0 9999.0 9999.0 9999.0 9999.0 9999.0 9999.0 9999.0 9999.0 9999.0 9999.0 9999.0 9999.0 9999.0 9999.0 9999.0 9999.0 
9999.0 9999.0 9999.0 9999.0 9999.0 9999.0 9999.0 9999.0 9999.0 9999.0 9999.0 9999.0 9999.0 9999.0 9999.0 9999.0 9999.0 9999.0 
9999.0 9999.0 37.77 34.20 34.35 37.50 34.65 49.01 48.81 40.85 60.60 51.22 47.30 9999.0 9999.0 9999.0 9999.0 9999.0 
9999.0 9999.0 44.73 38.07 37.41 45.40 43.95 43.78 45.49 44.94 48.55 54.19 54.43 9999.0 9999.0 9999.0 9999.0 9999.0 
9999.0 9999.0 51.63 51.10 45.35 49.52 50.84 57.03 55.91 54.83 55.22 53.59 60.28 9999.0 9999.0 9999.0 9999.0 9999.0 
9999.0 9999.0 57.53 55.43 53.61 55.23 57.93 61.82 73.21 70.60 61.36 60.54 58.25 9999.0 9999.0 9999.0 9999.0 9999.0 
9999.0 9999.0 62.11 61.79 58.64 90.07 69.08 90.21 77.90 81.75 95.90 65.50 63.75 9999.0 9999.0 9999.0 9999.0 9999.0 
9999.0 9999.0 53.80 53.55 68.74 96.69 79.80 89.01 94.35 106.49 95.65 68.01 65.57 9999.0 9999.0 9999.0 9999.0 9999.0 
9999.0 9999.0 55.32 60.29 56.76 87.73 84.45 96.76 102.37 95.68 88.65 70.72 9999.0 9999.0 9999.0 9999.0 9999.0 9999.0 
9999.0 9999.0 79.26 68.64 66.62 73.38 86.47 122.67 109.11 105.80 123.63 95.91 66.47 9999.0 9999.0 9999.0 9999.0 9999.0 
9999.0 9999.0 82.14 73.47 74.87 98.73 96.16 82.38 110.79 117.37 130.33 76.49 67.72 9999.0 9999.0 9999.0 9999.0 9999.0 
9999.0 9999.0 84.65 81.34 76.69 106.53 97.36 113.03 114.95 105.58 117.44 79.67 70.87 9999.0 9999.0 9999.0 9999.0 9999.0 
9999.0 9999.0 98.36 89.06 88.57 104.57 105.60 118.59 128.91 139.67 131.68 127.29 76.14 9999.0 9999.0 9999.0 9999.0 9999.0 
9999.0 9999.0 89.62 85.58 85.98 110.55 104.35 100.25 119.78 111.95 122.96 112.33 73.75 9999.0 9999.0 9999.0 9999.0 9999.0 
9999.0 9999.0 100.23 97.88 85.27 120.23 110.75 134.68 115.06 114.74 150.05 104.87 82.08 9999.0 9999.0 9999.0 9999.0 9999.0 
9999.0 9999.0 115.70 95.95 108.28 97.06 113.27 126.30 128.42 148.64 138.30 88.41 86.03 9999.0 9999.0 9999.0 9999.0 9999.0 
9999.0 9999.0 97.77 105.10 99.14 123.67 115.03 102.62 128.15 125.84 126.06 114.15 85.98 9999.0 9999.0 9999.0 9999.0 9999.0 
9999.0 9999.0 120.16 115.50 111.08 112.00 128.97 141.55 138.56 136.08 143.22 122.10 91.28 9999.0 9999.0 9999.0 9999.0 9999.0 
9999.0 9999.0 119.48 111.35 121.53 138.18 125.82 125.92 142.96 139.92 144.36 124.52 91.80 9999.0 9999.0 9999.0 9999.0 9999.0 
9999.0 9999.0 122.98 119.99 112.48 141.76 140.13 165.50 145.32 137.27 139.36 98.41 93.13 9999.0 9999.0 9999.0 9999.0 9999.0 
9999.0 9999.0 137.03 126.74 131.16 127.78 148.80 158.21 160.23 164.29 152.88 144.30 97.25 9999.0 9999.0 9999.0 9999.0 9999.0 
9999.0 9999.0 128.72 132.94 127.52 148.19 150.80 136.74 153.64 151.31 147.73 125.57 97.72 9999.0 9999.0 9999.0 9999.0 9999.0 
9999.0 9999.0 149.47 139.16 132.85 159.34 152.67 168.20 153.72 157.61 162.83 111.29 100.54 9999.0 9999.0 9999.0 9999.0 9999.0 
9999.0 9999.0 157.72 142.40 151.78 135.69 150.84 172.99 162.15 155.82 157.43 110.10 104.35 9999.0 9999.0 9999.0 9999.0 9999.0 
9999.0 9999.0 147.38 138.79 138.06 164.84 157.70 145.44 175.19 151.46 120.34 112.47 104.94 9999.0 9999.0 9999.0 9999.0 9999.0 
9999.0 9999.0 152.84 158.02 146.63 173.98 167.89 191.08 175.41 174.92 161.52 167.63 109.59 9999.0 9999.0 9999.0 9999.0 9999.0 
9999.0 9999.0 155.31 151.37 157.42 153.26 160.35 150.75 144.20 121.44 122.66 108.15 109.79 9999.0 9999.0 9999.0 9999.0 9999.0 
9999.0 9999.0 162.68 149.52 148.12 155.99 150.14 147.44 123.76 118.14 117.18 108.48 111.53 9999.0 9999.0 9999.0 9999.0 9999.0 
9999.0 9999.0 162.74 162.96 151.41 151.94 149.63 136.03 125.16 123.71 113.77 114.65 114.39 9999.0 9999.0 9999.0 9999.0 9999.0 
9999.0 9999.0 163.03 162.46 155.75 153.69 142.95 142.42 132.08 119.90 121.87 119.36 117.45 9999.0 9999.0 9999.0 9999.0 9999.0 
9999.0 9999.0 9999.0 9999.0 9999.0 9999.0 9999.0 9999.0 9999.0 9999.0 9999.0 9999.0 9999.0 9999.0 9999.0 9999.0 9999.0 9999.0 
9999.0 9999.0 9999.0 9999.0 9999.0 9999.0 9999.0 9999.0 9999.0 9999.0 9999.0 9999.0 9999.0 9999.0 9999.0 9999.0 9999.0 9999.0 
9999.0 9999.0 9999.0 9999.0 9999.0 9999.0 9999.0 9999.0 9999.0 9999.0 9999.0 9999.0 9999.0 9999.0 9999.0 9999.0 9999.0 9999.0 
9999.0 9999.0 9999.0 9999.0 9999.0 9999.0 9999.0 9999.0 9999.0 9999.0 9999.0 9999.0 9999.0 9999.0 9999.0 9999.0 9999.0 9999.0 
9999.0 9999.0 31.05 31.20 31.35 34.50 37.57 34.55 37.70 40.85 44.00 47.15 47.30 9999.0 9999.0 9999.0 9999.0 9999.0 
9999.0 9999.0 44.58 34.91 42.83 46.33 44.03 52.10 54.07 54.00 56.23 56.92 58.29 9999.0 9999.0 9999.0 9999.0 9999.0 
9999.0 9999.0 59.81 55.56 61.87 44.96 49.03 52.98 50.61 57.07 60.19 53.62 56.09 9999.0 9999.0 9999.0 9999.0 9999.0 
9999.0 9999.0 46.31 53.29 57.80 63.98 50.83 56.44 65.23 63.44 72.18 78.40 59.24 9999.0 9999.0 9999.0 9999.0 9999.0 
9999.0 9999.0 48.68 54.97 82.15 94.26 83.13 98.74 81.44 86.69 114.33 90.13 66.19 9999.0 9999.0 9999.0 9999.0 9999.0 
9999.0 9999.0 58.44 67.46 86.94 90.47 91.30 111.62 98.52 116.55 128.89 104.25 78.43 9999.0 9999.0 9999.0 9999.0 9999.0 
9999.0 9999.0 56.86 68.28 84.56 92.33 80.33 111.85 108.12 99.59 123.37 98.34 68.79 9999.0 9999.0 9999.0 9999.0 9999.0 
9999.0 9999.0 74.42 83.53 98.71 103.92 83.77 132.61 110.24 114.45 131.21 110.59 72.52 9999.0 9999.0 9999.0 9999.0 9999.0 
9999.0 9999.0 85.26 87.11 109.23 94.40 96.73 110.32 110.40 112.72 131.03 99.68 75.92 9999.0 9999.0 9999.0 9999.0 9999.0 
9999.0 9999.0 88.76 94.92 112.50 123.51 103.35 127.27 124.63 113.23 140.86 101.12 75.12 9999.0 9999.0 9999.0 9999.0 9999.0 
9999.0 9999.0 96.39 103.11 127.28 115.48 104.16 143.20 120.85 156.90 145.91 120.09 81.94 9999.0 9999.0 9999.0 9999.0 9999.0 
9999.0 9999.0 102.15 113.28 122.86 122.00 109.41 132.90 124.11 103.02 135.02 110.09 81.22 9999.0 9999.0 9999.0 9999.0 9999.0 
9999.0 9999.0 102.62 108.65 121.70 128.74 108.35 155.28 128.37 127.01 144.98 115.96 86.38 9999.0 9999.0 9999.0 9999.0 9999.0 
9999.0 9999.0 109.35 117.39 134.31 104.10 118.48 155.80 136.62 152.92 149.82 122.80 122.47 9999.0 9999.0 9999.0 9999.0 9999.0 
9999.0 9999.0 113.12 113.22 128.47 142.36 120.98 134.90 134.70 123.04 149.43 122.43 91.29 9999.0 9999.0 9999.0 9999.0 9999.0 
9999.0 9999.0 116.75 128.35 140.62 133.33 130.83 170.46 145.35 144.02 156.30 129.17 95.10 92.84 9999.0 9999.0 9999.0 9999.0 
9999.0 9999.0 134.43 129.14 141.19 142.64 140.50 157.50 145.07 133.56 161.11 118.19 95.56 9999.0 9999.0 9999.0 9999.0 9999.0 
9999.0 9999.0 132.64 136.03 148.84 158.63 138.73 171.51 159.82 133.95 164.63 132.02 97.21 9999.0 9999.0 9999.0 9999.0 9999.0 
9999.0 9999.0 142.46 149.97 171.11 149.86 142.68 187.38 167.93 172.36 169.47 133.66 101.02 9999.0 9999.0 9999.0 9999.0 9999.0 
9999.0 9999.0 146.29 139.49 153.61 172.61 145.13 166.20 159.42 142.95 152.96 131.78 100.69 9999.0 9999.0 9999.0 9999.0 9999.0 
9999.0 9999.0 148.63 158.92 161.57 169.50 153.41 187.53 174.17 163.64 152.99 134.14 104.85 9999.0 9999.0 9999.0 9999.0 9999.0 
9999.0 9999.0 158.55 165.14 181.06 153.47 157.38 183.18 170.91 161.66 167.06 132.26 109.16 9999.0 9999.0 9999.0 9999.0 9999.0 
9999.0 9999.0 155.06 160.89 170.77 180.87 157.35 177.76 171.65 140.14 164.86 133.56 105.78 107.17 9999.0 9999.0 9999.0 9999.0 
9999.0 9999.0 163.44 171.36 188.05 183.41 168.06 183.28 162.05 172.90 168.76 128.77 112.03 110.57 9999.0 9999.0 9999.0 9999.0 
9999.0 9999.0 160.53 152.12 160.81 166.37 150.70 156.16 138.12 132.53 120.44 109.21 109.15 113.87 9999.0 9999.0 9999.0 9999.0 
9999.0 9999.0 160.92 157.35 155.63 152.41 145.92 136.65 126.66 113.18 116.87 112.54 111.22 9999.0 9999.0 9999.0 9999.0 9999.0 
9999.0 9999.0 164.41 150.03 155.42 142.19 144.63 139.46 126.61 119.01 115.08 112.04 115.44 9999.0 9999.0 9999.0 9999.0 9999.0 
9999.0 9999.0 159.98 157.94 155.14 142.30 140.66 135.85 125.25 122.10 124.64 114.72 117.15 9999.0 9999.0 9999.0 9999.0 9999.0 
9999.0 9999.0 9999.0 9999.0 9999.0 9999.0 9999.0 9999.0 9999.0 9999.0 9999.0 9999.0 9999.0 9999.0 9999.0 9999.0 9999.0 9999.0 
9999.0 9999.0 9999.0 9999.0 9999.0 9999.0 9999.0 9999.0 9999.0 9999.0 9999.0 9999.0 9999.0 9999.0 9999.0 9999.0 9999.0 9999.0 
9999.0 9999.0 9999.0 9999.0 9999.0 9999.0 9999.0 9999.0 9999.0 9999.0 9999.0 9999.0 9999.0 9999.0 9999.0 9999.0 9999.0 9999.0 
9999.0 9999.0 9999.0 9999.0 9999.0 9999.0 9999.0 9999.0 9999.0 9999.0 9999.0 9999.0 9999.0 9999.0 9999.0 9999.0 9999.0 9999.0 
9999.0 9999.0 34.77 34.92 38.72 37.97 37.73 39.85 43.39 49.68 53.97 49.93 53.08 57.53 9999.0 9999.0 9999.0 9999.0 
9999.0 9999.0 45.40 40.46 44.92 45.56 42.36 48.26 49.70 50.17 56.97 50.96 53.80 58.94 9999.0 9999.0 9999.0 9999.0 
9999.0 9999.0 45.70 47.19 49.71 54.32 53.45 52.68 59.62 70.61 75.83 65.38 56.73 60.32 9999.0 9999.0 9999.0 9999.0 
9999.0 9999.0 47.93 54.70 65.13 81.93 68.69 73.65 86.76 86.06 105.38 83.38 61.25 67.28 9999.0 9999.0 9999.0 9999.0 
9999.0 9999.0 46.30 47.58 61.36 73.60 75.90 77.65 94.70 86.70 108.07 94.16 67.37 9999.0 9999.0 9999.0 9999.0 9999.0 
9999.0 9999.0 47.86 51.19 61.35 82.62 83.92 93.18 110.60 105.07 118.17 93.35 77.96 9999.0 9999.0 9999.0 9999.0 9999.0 
9999.0 9999.0 60.52 68.03 74.32 103.00 100.79 116.95 116.73 121.55 128.46 97.68 76.57 9999.0 9999.0 9999.0 9999.0 9999.0 
9999.0 9999.0 75.14 80.12 84.96 121.40 106.52 114.40 125.20 126.35 136.43 109.71 70.61 9999.0 9999.0 9999.0 9999.0 9999.0 
9999.0 9999.0 80.93 86.99 99.64 114.74 109.80 114.29 123.93 116.09 124.28 105.91 76.63 9999.0 9999.0 9999.0 9999.0 9999.0 
9999.0 9999.0 86.32 98.15 101.90 119.56 115.00 131.63 128.27 115.50 125.85 106.36 77.05 9999.0 9999.0 9999.0 9999.0 9999.0 
9999.0 9999.0 92.81 97.45 110.73 134.95 119.44 134.98 138.06 144.79 136.32 115.71 81.81 9999.0 9999.0 9999.0 9999.0 9999.0 
9999.0 9999.0 106.68 112.93 120.92 139.99 130.96 143.85 141.09 143.84 147.10 111.02 100.14 97.29 9999.0 9999.0 9999.0 9999.0 
9999.0 9999.0 110.80 118.42 111.71 133.67 119.76 135.68 150.46 130.14 132.18 114.84 110.95 91.99 9999.0 9999.0 9999.0 9999.0 
9999.0 9999.0 106.53 112.44 124.83 133.89 119.58 133.60 152.85 134.94 136.12 114.40 105.42 91.04 9999.0 9999.0 9999.0 9999.0 
9999.0 9999.0 113.05 120.74 125.75 150.37 140.25 144.40 143.04 140.56 152.27 119.15 90.31 96.94 9999.0 9999.0 9999.0 9999.0 
9999.0 9999.0 132.16 136.81 129.92 166.86 147.44 154.05 166.84 140.66 149.78 135.03 97.33 100.69 9999.0 9999.0 9999.0 9999.0 
9999.0 9999.0 129.26 136.09 146.11 158.84 155.50 151.87 162.08 157.45 143.01 126.68 116.03 96.29 9999.0 9999.0 9999.0 9999.0 
9999.0 9999.0 138.30 146.84 138.71 159.42 155.83 174.64 167.52 151.48 144.21 129.14 125.66 98.98 9999.0 9999.0 9999.0 9999.0 
9999.0 9999.0 139.36 144.50 146.92 177.23 158.44 169.14 177.10 161.56 157.57 136.16 106.63 9999.0 9999.0 9999.0 9999.0 9999.0 
9999.0 9999.0 146.23 154.95 159.80 180.45 177.58 181.93 178.87 175.42 160.47 133.23 118.23 9999.0 9999.0 9999.0 9999.0 9999.0 
9999.0 9999.0 164.66 156.87 159.48 183.04 167.96 185.92 187.38 160.10 151.52 135.58 110.92 108.47 9999.0 9999.0 9999.0 9999.0 
9999.0 9999.0 156.20 156.22 165.47 178.77 166.66 171.87 172.52 158.92 157.88 136.58 110.86 109.25 9999.0 9999.0 9999.0 9999.0 
9999.0 9999.0 165.65 161.59 162.66 187.40 178.20 181.40 174.95 165.24 170.09 134.18 108.42 115.38 9999.0 9999.0 9999.0 9999.0 
9999.0 9999.0 168.14 172.98 168.21 193.07 182.68 173.08 173.15 166.27 168.01 137.61 112.59 116.28 9999.0 9999.0 9999.0 9999.0 
9999.0 9999.0 162.84 155.44 152.62 143.74 147.54 130.31 131.42 120.67 118.55 112.80 112.36 9999.0 9999.0 9999.0 9999.0 9999.0 
9999.0 9999.0 163.39 159.71 159.89 150.52 146.97 132.97 128.90 118.51 118.10 113.00 114.20 9999.0 9999.0 9999.0 9999.0 9999.0 
9999.0 9999.0 161.05 159.09 149.26 146.73 137.99 127.50 127.90 124.34 124.31 114.74 117.14 9999.0 9999.0 9999.0 9999.0 9999.0 
9999.0 9999.0 154.75 153.09 143.91 138.76 128.49 127.05 117.11 116.98 117.86 117.60 117.54 9999.0 9999.0 9999.0 9999.0 9999.0 
9999.0 9999.0 9999.0 9999.0 9999.0 9999.0 9999.0 9999.0 9999.0 9999.0 9999.0 9999.0 9999.0 9999.0 9999.0 9999.0 9999.0 9999.0 
9999.0 9999.0 9999.0 9999.0 9999.0 9999.0 9999.0 9999.0 9999.0 9999.0 9999.0 9999.0 9999.0 9999.0 9999.0 9999.0 9999.0 9999.0 
9999.0 9999.0 9999.0 9999.0 9999.0 9999.0 9999.0 9999.0 9999.0 9999.0 9999.0 9999.0 9999.0 9999.0 9999.0 9999.0 9999.0 9999.0 
9999.0 9999.0 9999.0 9999.0 9999.0 9999.0 9999.0 9999.0 9999.0 9999.0 9999.0 9999.0 9999.0 9999.0 9999.0 9999.0 9999.0 9999.0 
9999.0 9999.0 28.05 28.20 31.35 37.09 31.40 41.90 43.27 45.20 55.08 53.89 55.28 9999.0 9999.0 9999.0 9999.0 9999.0 
9999.0 9999.0 53.84 46.06 49.69 52.16 45.44 50.62 55.20 61.99 62.98 62.24 64.06 9999.0 9999.0 9999.0 9999.0 9999.0 
9999.0 9999.0 46.80 47.73 48.25 48.76 45.89 53.83 57.52 59.67 67.74 64.41 61.05 67.93 9999.0 9999.0 9999.0 9999.0 
9999.0 9999.0 38.69 45.47 44.15 40.66 46.37 61.20 56.98 67.56 75.43 76.12 70.46 9999.0 9999.0 9999.0 9999.0 9999.0 
9999.0 9999.0 41.49 52.51 68.03 62.57 69.09 94.47 96.08 86.24 91.43 79.46 79.44 9999.0 9999.0 9999.0 9999.0 9999.0 
9999.0 9999.0 47.21 59.59 86.72 97.36 81.67 121.26 134.12 118.39 129.00 117.76 80.83 9999.0 9999.0 9999.0 9999.0 9999.0 
9999.0 9999.0 61.80 68.66 74.25 99.75 98.07 120.18 120.39 125.06 133.02 118.35 87.11 9999.0 9999.0 9999.0 9999.0 9999.0 
9999.0 9999.0 69.90 80.36 103.39 113.72 111.25 122.94 135.39 129.67 134.25 132.41 89.44 9999.0 9999.0 9999.0 9999.0 9999.0 
9999.0 9999.0 80.81 85.64 98.09 119.41 113.19 139.95 141.42 132.65 132.03 120.77 90.49 9999.0 9999.0 9999.0 9999.0 9999.0 
9999.0 9999.0 85.02 105.69 125.40 130.92 114.94 152.30 137.77 161.39 136.58 137.60 98.30 9999.0 9999.0 9999.0 9999.0 9999.0 
9999.0 9999.0 93.33 109.80 132.73 127.66 119.71 150.45 156.28 155.22 139.02 136.22 99.60 9999.0 9999.0 9999.0 9999.0 9999.0 
9999.0 9999.0 103.63 111.18 126.63 127.74 138.45 148.44 156.56 136.60 136.54 124.45 96.85 9999.0 9999.0 9999.0 9999.0 9999.0 
9999.0 9999.0 111.54 117.70 136.52 153.59 145.07 164.79 159.31 159.99 140.86 141.83 104.80 99.65 9999.0 9999.0 9999.0 9999.0 
9999.0 9999.0 116.39 119.68 154.10 166.74 145.39 160.72 160.28 168.81 158.09 146.44 109.95 9999.0 9999.0 9999.0 9999.0 9999.0 
9999.0 9999.0 127.28 124.13 148.30 163.54 149.31 159.38 163.07 156.03 158.17 139.82 104.09 9999.0 9999.0 9999.0 9999.0 9999.0 
9999.0 9999.0 133.27 134.14 160.03 179.83 166.26 179.75 180.82 167.26 151.01 144.22 106.43 9999.0 9999.0 9999.0 9999.0 9999.0 
9999.0 9999.0 140.32 134.31 170.61 180.79 163.85 187.14 177.26 150.06 146.78 145.57 107.18 9999.0 9999.0 9999.0 9999.0 9999.0 
9999.0 9999.0 144.41 152.70 174.77 185.51 177.16 178.18 176.02 167.42 156.39 140.60 117.55 9999.0 9999.0 9999.0 9999.0 9999.0 
9999.0 9999.0 147.17 153.81 183.60 198.81 186.51 193.07 178.86 189.22 154.92 151.95 115.20 9999.0 9999.0 9999.0 9999.0 9999.0 
9999.0 9999.0 153.33 158.84 176.63 188.54 181.38 187.80 186.02 168.52 148.06 140.31 115.03 9999.0 9999.0 9999.0 9999.0 9999.0 
9999.0 9999.0 167.97 163.70 193.92 198.02 190.07 202.29 193.13 180.69 155.67 145.26 119.38 117.73 9999.0 9999.0 9999.0 9999.0 
9999.0 9999.0 163.01 165.74 195.13 208.88 192.19 203.60 201.24 168.36 165.69 154.66 120.58 118.05 9999.0 9999.0 9999.0 9999.0 
9999.0 9999.0 162.68 169.71 193.63 204.83 189.11 193.31 199.11 162.69 167.78 151.63 124.20 113.72 9999.0 9999.0 9999.0 9999.0 
9999.0 9999.0 165.58 179.90 183.45 191.75 173.66 170.20 169.00 159.32 161.93 149.04 123.50 9999.0 9999.0 9999.0 9999.0 9999.0 
9999.0 9999.0 161.48 162.92 156.92 153.65 151.17 147.73 141.68 126.04 120.46 122.24 116.69 9999.0 9999.0 9999.0 9999.0 9999.0 
9999.0 9999.0 163.98 157.75 153.48 151.72 141.04 131.99 128.21 128.70 116.92 116.44 118.14 9999.0 9999.0 9999.0 9999.0 9999.0 
9999.0 9999.0 152.96 157.87 154.60 152.11 149.74 136.13 121.94 123.32 121.45 120.78 121.61 9999.0 9999.0 9999.0 9999.0 9999.0 
9999.0 9999.0 146.86 148.24 144.21 133.77 142.75 129.82 122.23 118.29 120.01 120.58 123.28 124.08 9999.0 9999.0 9999.0 9999.0 
9999.0 9999.0 9999.0 9999.0 9999.0 9999.0 9999.0 9999.0 9999.0 9999.0 9999.0 9999.0 9999.0 9999.0 9999.0 9999.0 9999.0 9999.0 
9999.0 9999.0 9999.0 9999.0 9999.0 9999.0 9999.0 9999.0 9999.0 9999.0 9999.0 9999.0 9999.0 9999.0 9999.0 9999.0 9999.0 9999.0 
9999.0 9999.0 9999.0 9999.0 9999.0 9999.0 9999.0 9999.0 9999.0 9999.0 9999.0 9999.0 9999.0 9999.0 9999.0 9999.0 9999.0 9999.0 
9999.0 9999.0 9999.0 9999.0 9999.0 9999.0 9999.0 9999.0 9999.0 9999.0 9999.0 9999.0 9999.0 9999.0 9999.0 9999.0 9999.0 9999.0 
9999.0 9999.0 31.77 34.96 27.24 29.80 39.29 37.94 45.51 53.71 55.57 61.40 64.02 9999.0 9999.0 9999.0 9999.0 9999.0 
9999.0 9999.0 35.52 36.89 40.72 30.06 39.67 47.98 58.65 66.69 69.46 63.33 67.34 9999.0 9999.0 9999.0 9999.0 9999.0 
9999.0 9999.0 38.44 39.94 40.36 43.64 49.63 59.80 61.03 61.89 68.70 80.07 72.65 9999.0 9999.0 9999.0 9999.0 9999.0 
9999.0 9999.0 35.31 37.93 35.61 39.72 59.74 55.05 82.40 70.79 77.04 82.46 73.13 9999.0 9999.0 9999.0 9999.0 9999.0 
9999.0 9999.0 39.83 30.24 36.82 50.72 61.46 90.70 104.63 115.43 124.31 72.36 77.59 9999.0 9999.0 9999.0 9999.0 9999.0 
9999.0 9999.0 53.87 45.85 53.43 92.10 79.03 112.16 122.48 116.00 124.08 90.12 82.11 9999.0 9999.0 9999.0 9999.0 9999.0 
9999.0 9999.0 61.31 58.36 66.52 102.89 101.65 107.97 120.99 127.20 133.70 86.88 83.45 9999.0 9999.0 9999.0 9999.0 9999.0 
9999.0 9999.0 71.75 75.21 93.02 116.21 121.06 109.48 142.92 128.45 136.07 132.59 89.84 9999.0 9999.0 9999.0 9999.0 9999.0 
9999.0 9999.0 77.68 74.94 82.23 95.74 115.50 130.58 134.10 133.07 133.11 97.31 86.92 9999.0 9999.0 9999.0 9999.0 9999.0 
9999.0 9999.0 83.85 82.59 89.97 125.32 115.22 153.54 153.95 135.33 142.60 99.02 91.97 9999.0 9999.0 9999.0 9999.0 9999.0 
9999.0 9999.0 95.57 113.09 110.54 124.73 120.15 147.07 170.79 137.16 139.11 107.85 96.81 9999.0 9999.0 9999.0 9999.0 9999.0 
9999.0 9999.0 100.81 103.79 106.87 139.73 139.10 151.66 155.73 160.61 141.79 106.15 94.59 9999.0 9999.0 9999.0 9999.0 9999.0 
9999.0 9999.0 113.14 101.75 124.13 152.89 147.23 165.39 161.47 166.21 158.36 131.73 107.77 9999.0 9999.0 9999.0 9999.0 9999.0 
9999.0 9999.0 122.75 117.23 123.28 162.40 163.51 165.76 170.56 156.55 145.55 112.76 97.50 9999.0 9999.0 9999.0 9999.0 9999.0 
9999.0 9999.0 121.64 118.88 126.14 164.78 156.61 168.52 168.96 160.66 147.76 127.61 100.65 9999.0 9999.0 9999.0 9999.0 9999.0 
9999.0 9999.0 130.97 144.40 155.55 172.80 179.40 176.45 201.59 165.53 159.02 157.44 111.99 9999.0 9999.0 9999.0 9999.0 9999.0 
9999.0 9999.0 131.98 143.11 146.42 146.94 178.30 187.64 148.91 167.89 151.66 117.09 101.46 9999.0 9999.0 9999.0 9999.0 9999.0 
9999.0 9999.0 137.03 135.83 142.73 177.35 178.28 195.67 180.57 161.84 161.00 123.72 104.91 9999.0 9999.0 9999.0 9999.0 9999.0 
9999.0 9999.0 154.25 171.86 159.15 197.54 195.11 204.48 189.76 156.90 148.83 128.37 112.52 9999.0 9999.0 9999.0 9999.0 9999.0 
9999.0 9999.0 156.36 152.27 159.94 192.32 189.64 191.62 180.91 176.82 153.39 120.72 109.48 9999.0 9999.0 9999.0 9999.0 9999.0 
9999.0 9999.0 162.45 155.03 181.82 202.02 196.34 211.14 189.41 175.28 174.87 135.61 119.47 9999.0 9999.0 9999.0 9999.0 9999.0 
9999.0 9999.0 169.42 165.78 171.28 187.98 181.25 185.65 188.09 175.75 161.23 124.29 116.59 9999.0 9999.0 9999.0 9999.0 9999.0 
9999.0 9999.0 154.27 164.71 168.69 186.05 190.42 161.99 183.34 175.51 157.60 128.01 118.94 9999.0 9999.0 9999.0 9999.0 9999.0 
9999.0 9999.0 164.70 166.00 173.02 172.77 182.91 172.33 170.25 168.79 149.54 134.31 124.65 9999.0 9999.0 9999.0 9999.0 9999.0 
9999.0 9999.0 154.31 155.00 150.53 153.60 151.11 147.17 147.76 145.48 130.20 130.22 125.77 9999.0 9999.0 9999.0 9999.0 9999.0 
9999.0 9999.0 152.19 147.32 149.76 147.89 136.69 136.10 128.78 126.18 128.36 123.13 122.60 9999.0 9999.0 9999.0 9999.0 9999.0 
9999.0 9999.0 149.81 146.55 143.74 141.00 144.48 125.53 128.58 122.53 124.82 126.14 121.71 9999.0 9999.0 9999.0 9999.0 9999.0 
9999.0 9999.0 137.22 145.10 147.64 140.76 147.91 130.61 130.38 130.67 125.77 128.35 124.80 9999.0 9999.0 9999.0 9999.0 9999.0 
9999.0 9999.0 9999.0 9999.0 9999.0 9999.0 9999.0 9999.0 9999.0 9999.0 9999.0 9999.0 9999.0 9999.0 9999.0 9999.0 9999.0 9999.0 
9999.0 9999.0 9999.0 9999.0 9999.0 9999.0 9999.0 9999.0 9999.0 9999.0 9999.0 9999.0 9999.0 9999.0 9999.0 9999.0 9999.0 9999.0 
9999.0 9999.0 9999.0 9999.0 9999.0 9999.0 9999.0 9999.0 9999.0 9999.0 9999.0 9999.0 9999.0 9999.0 9999.0 9999.0 9999.0 9999.0 
9999.0 9999.0 9999.0 9999.0 9999.0 9999.0 9999.0 9999.0 9999.0 9999.0 9999.0 9999.0 9999.0 9999.0 9999.0 9999.0 9999.0 9999.0 
9999.0 9999.0 25.05 36.74 37.27 28.25 41.06 33.10 45.08 55.41 54.71 59.26 58.87 9999.0 9999.0 9999.0 9999.0 9999.0 
9999.0 9999.0 32.55 39.62 45.51 45.84 48.13 64.83 57.21 78.99 79.60 69.24 71.27 9999.0 9999.0 9999.0 9999.0 9999.0 
9999.0 9999.0 34.43 33.77 33.55 39.01 50.22 52.76 66.53 68.39 71.38 70.77 68.33 9999.0 9999.0 9999.0 9999.0 9999.0 
9999.0 9999.0 29.57 34.34 30.76 38.24 53.54 49.31 60.43 82.32 70.36 71.83 69.15 9999.0 9999.0 9999.0 9999.0 9999.0 
9999.0 9999.0 49.74 56.37 51.26 82.26 98.05 103.11 99.52 137.71 120.83 77.62 78.05 9999.0 9999.0 9999.0 9999.0 9999.0 
9999.0 9999.0 51.88 59.32 48.44 79.75 83.95 104.83 119.59 122.71 130.29 85.48 9999.0 9999.0 9999.0 9999.0 9999.0 9999.0 
9999.0 9999.0 59.12 60.87 83.12 90.84 89.43 95.48 120.19 134.85 119.82 83.96 84.13 9999.0 9999.0 9999.0 9999.0 9999.0 
9999.0 9999.0 80.23 70.85 85.59 93.34 114.16 120.49 139.64 138.89 133.37 91.83 84.36 9999.0 9999.0 9999.0 9999.0 9999.0 
9999.0 9999.0 74.28 83.50 95.09 83.64 117.63 97.63 131.08 139.48 123.43 98.68 91.80 9999.0 9999.0 9999.0 9999.0 9999.0 
9999.0 9999.0 93.49 94.02 107.84 104.27 130.32 149.62 146.03 156.09 138.04 98.82 92.92 9999.0 9999.0 9999.0 9999.0 9999.0 
9999.0 9999.0 101.75 93.65 83.77 125.62 121.66 147.20 162.81 153.09 133.32 96.45 96.14 9999.0 9999.0 9999.0 9999.0 9999.0 
9999.0 9999.0 100.08 104.90 140.58 114.49 141.95 144.83 153.03 167.51 108.76 97.81 98.89 9999.0 9999.0 9999.0 9999.0 9999.0 
9999.0 9999.0 119.82 128.23 131.61 150.20 171.51 176.10 172.21 152.05 151.38 109.18 103.98 9999.0 9999.0 9999.0 9999.0 9999.0 
9999.0 9999.0 121.58 122.10 124.40 156.55 166.79 152.35 160.72 157.88 155.87 109.47 104.42 9999.0 9999.0 9999.0 9999.0 9999.0 
9999.0 9999.0 130.56 126.93 152.63 139.68 189.01 172.02 172.67 172.24 141.48 105.29 106.52 9999.0 9999.0 9999.0 9999.0 9999.0 
9999.0 9999.0 140.88 140.53 148.58 171.72 194.80 183.55 185.41 166.88 141.19 113.69 106.28 9999.0 9999.0 9999.0 9999.0 9999.0 
9999.0 9999.0 136.06 142.79 158.10 150.27 179.49 186.55 159.52 168.47 111.60 109.47 106.81 9999.0 9999.0 9999.0 9999.0 9999.0 
9999.0 9999.0 150.25 156.40 178.38 190.13 210.48 207.78 185.55 175.46 152.38 111.98 109.46 9999.0 9999.0 9999.0 9999.0 9999.0 
9999.0 9999.0 152.58 157.45 167.67 187.91 199.11 189.42 172.43 164.59 143.75 114.04 111.19 9999.0 9999.0 9999.0 9999.0 9999.0 
9999.0 9999.0 153.62 159.59 182.55 169.81 198.38 189.37 163.03 176.82 119.56 112.29 111.06 9999.0 9999.0 9999.0 9999.0 9999.0 
9999.0 9999.0 163.25 173.73 178.86 186.86 219.39 200.02 199.20 176.01 164.35 117.86 113.84 9999.0 9999.0 9999.0 9999.0 9999.0 
9999.0 9999.0 154.39 168.87 170.27 182.16 193.88 170.51 179.32 174.66 167.24 117.43 118.36 9999.0 9999.0 9999.0 9999.0 9999.0 
9999.0 9999.0 153.88 163.11 185.40 157.02 194.90 183.68 161.23 174.71 157.17 119.66 121.63 9999.0 9999.0 9999.0 9999.0 9999.0 
9999.0 9999.0 159.90 160.85 160.25 177.04 197.46 166.99 171.33 183.97 154.95 132.62 122.15 9999.0 9999.0 9999.0 9999.0 9999.0 
9999.0 9999.0 153.50 152.34 152.32 147.28 148.53 148.62 137.44 149.71 128.14 125.36 121.96 9999.0 9999.0 9999.0 9999.0 9999.0 
9999.0 9999.0 149.13 146.77 151.00 147.85 142.46 132.81 131.94 132.86 134.40 124.18 129.35 9999.0 9999.0 9999.0 9999.0 9999.0 
9999.0 9999.0 140.91 150.17 142.96 146.56 143.35 134.06 126.49 128.94 130.19 128.75 126.76 9999.0 9999.0 9999.0 9999.0 9999.0 
9999.0 9999.0 140.22 151.72 149.63 142.50 154.20 129.51 135.12 135.12 119.78 134.67 124.86 9999.0 9999.0 9999.0 9999.0 9999.0 
9999.0 9999.0 9999.0 9999.0 9999.0 9999.0 9999.0 9999.0 9999.0 9999.0 9999.0 9999.0 9999.0 9999.0 9999.0 9999.0 9999.0 9999.0 
9999.0 9999.0 9999.0 9999.0 9999.0 9999.0 9999.0 9999.0 9999.0 9999.0 9999.0 9999.0 9999.0 9999.0 9999.0 9999.0 9999.0 9999.0 
9999.0 9999.0 9999.0 9999.0 9999.0 9999.0 9999.0 9999.0 9999.0 9999.0 9999.0 9999.0 9999.0 9999.0 9999.0 9999.0 9999.0 9999.0 
9999.0 9999.0 9999.0 9999.0 9999.0 9999.0 9999.0 9999.0 9999.0 9999.0 9999.0 9999.0 9999.0 9999.0 9999.0 9999.0 9999.0 9999.0 
9999.0 9999.0 23.98 24.09 34.21 31.26 56.21 46.62 58.31 75.15 74.66 77.54 68.69 9999.0 9999.0 9999.0 9999.0 9999.0 
9999.0 9999.0 24.20 28.91 18.92 42.86 50.59 58.49 68.64 98.16 73.29 70.95 68.22 9999.0 9999.0 9999.0 9999.0 9999.0 
9999.0 9999.0 25.50 33.52 36.64 41.07 51.72 65.48 78.34 79.82 80.13 73.38 69.44 9999.0 9999.0 9999.0 9999.0 9999.0 
9999.0 9999.0 22.35 38.31 51.23 61.23 91.61 86.65 103.71 127.21 117.60 76.53 77.47 9999.0 9999.0 9999.0 9999.0 9999.0 
9999.0 9999.0 37.66 43.89 47.48 60.67 84.33 94.44 82.87 125.55 105.15 81.11 75.51 9999.0 9999.0 9999.0 9999.0 9999.0 
9999.0 9999.0 54.63 55.76 58.40 80.69 93.82 87.31 109.70 133.83 107.31 80.23 80.40 9999.0 9999.0 9999.0 9999.0 9999.0 
9999.0 9999.0 54.85 52.59 70.85 78.83 102.17 126.32 121.30 138.64 109.52 81.58 9999.0 9999.0 9999.0 9999.0 9999.0 9999.0 
9999.0 9999.0 67.90 71.04 80.86 86.72 116.94 119.84 132.60 143.28 114.66 90.83 85.20 9999.0 9999.0 9999.0 9999.0 9999.0 
9999.0 9999.0 74.56 77.38 79.82 100.47 123.56 136.78 157.02 147.38 129.05 87.02 91.88 9999.0 9999.0 9999.0 9999.0 9999.0 
9999.0 9999.0 82.92 74.32 90.23 112.46 129.41 139.34 132.54 155.38 125.70 96.79 91.69 9999.0 9999.0 9999.0 9999.0 9999.0 
9999.0 9999.0 91.89 92.89 115.92 109.17 129.24 160.56 180.66 145.58 125.27 96.90 90.22 9999.0 9999.0 9999.0 9999.0 9999.0 
9999.0 9999.0 98.67 102.13 123.87 124.16 162.05 166.66 162.34 172.25 138.99 98.52 98.35 9999.0 9999.0 9999.0 9999.0 9999.0 
9999.0 9999.0 110.59 107.78 118.79 147.60 171.66 176.41 160.42 156.82 130.00 104.43 100.73 9999.0 9999.0 9999.0 9999.0 9999.0 
9999.0 9999.0 121.17 124.80 134.87 140.79 174.33 181.44 149.47 162.72 144.40 107.75 100.79 9999.0 9999.0 9999.0 9999.0 9999.0 
9999.0 9999.0 122.03 121.97 133.96 161.80 189.57 207.35 179.58 163.62 136.66 109.09 101.89 9999.0 9999.0 9999.0 9999.0 9999.0 
9999.0 9999.0 138.17 135.73 146.16 169.54 189.62 183.33 179.49 177.00 144.15 108.74 100.80 9999.0 9999.0 9999.0 9999.0 9999.0 
9999.0 9999.0 128.28 143.66 150.00 163.91 188.42 206.98 180.72 166.31 138.47 113.78 110.36 9999.0 9999.0 9999.0 9999.0 9999.0 
9999.0 9999.0 142.15 144.39 155.89 181.96 211.32 184.73 172.40 185.58 134.15 113.26 107.69 9999.0 9999.0 9999.0 9999.0 9999.0 
9999.0 9999.0 149.30 154.74 170.05 190.11 208.34 206.19 167.21 178.38 121.91 112.44 104.76 9999.0 9999.0 9999.0 9999.0 9999.0 
9999.0 9999.0 147.13 159.80 181.35 179.78 209.22 218.78 174.32 176.02 159.91 114.78 110.89 9999.0 9999.0 9999.0 9999.0 9999.0 
9999.0 9999.0 162.69 160.90 164.76 186.44 199.41 195.92 175.85 191.26 150.19 115.54 116.23 9999.0 9999.0 9999.0 9999.0 9999.0 
9999.0 9999.0 156.03 153.76 165.17 166.47 202.52 187.66 171.42 181.77 155.42 122.05 114.28 9999.0 9999.0 9999.0 9999.0 9999.0 
9999.0 9999.0 146.97 156.28 157.76 164.66 183.02 175.60 166.58 181.77 136.56 123.24 120.65 9999.0 9999.0 9999.0 9999.0 9999.0 
9999.0 9999.0 152.24 150.88 155.96 165.31 154.13 169.52 171.31 146.21 161.87 126.74 122.55 9999.0 9999.0 9999.0 9999.0 9999.0 
9999.0 9999.0 143.67 145.57 154.48 149.34 145.55 149.76 157.75 162.33 136.25 130.00 130.12 9999.0 9999.0 9999.0 9999.0 9999.0 
9999.0 9999.0 140.52 149.66 150.02 146.10 136.02 141.55 139.24 139.39 134.50 131.13 130.13 9999.0 9999.0 9999.0 9999.0 9999.0 
9999.0 9999.0 143.37 152.37 153.63 149.14 142.70 140.50 134.19 143.51 137.58 139.27 133.85 9999.0 9999.0 9999.0 9999.0 9999.0 
9999.0 9999.0 140.22 156.64 155.85 153.88 149.58 140.09 139.60 141.13 136.56 135.03 137.20 9999.0 9999.0 9999.0 9999.0 9999.0 
9999.0 9999.0 9999.0 9999.0 9999.0 9999.0 9999.0 9999.0 9999.0 9999.0 9999.0 9999.0 9999.0 9999.0 9999.0 9999.0 9999.0 9999.0 
9999.0 9999.0 9999.0 9999.0 9999.0 9999.0 9999.0 9999.0 9999.0 9999.0 9999.0 9999.0 9999.0 9999.0 9999.0 9999.0 9999.0 9999.0 
9999.0 9999.0 9999.0 9999.0 9999.0 9999.0 9999.0 9999.0 9999.0 9999.0 9999.0 9999.0 9999.0 9999.0 9999.0 9999.0 9999.0 9999.0 
9999.0 9999.0 9999.0 9999.0 9999.0 9999.0 9999.0 9999.0 9999.0 9999.0 9999.0 9999.0 9999.0 9999.0 9999.0 9999.0 9999.0 9999.0 
9999.0 9999.0 12.85 37.45 44.04 43.96 77.01 61.99 87.99 84.85 93.41 78.53 68.53 9999.0 9999.0 9999.0 9999.0 9999.0 
9999.0 9999.0 21.24 28.08 36.15 48.98 67.94 80.95 76.27 95.86 89.38 66.84 64.83 9999.0 9999.0 9999.0 9999.0 9999.0 
9999.0 9999.0 34.67 35.00 33.70 71.55 80.70 96.10 103.04 114.64 113.26 69.52 64.74 9999.0 9999.0 9999.0 9999.0 9999.0 
9999.0 9999.0 29.88 44.29 26.04 39.74 90.68 86.65 100.43 121.87 78.88 74.91 72.52 9999.0 9999.0 9999.0 9999.0 9999.0 
9999.0 9999.0 43.39 57.30 48.42 73.07 80.59 98.17 98.80 114.95 102.42 78.22 75.97 9999.0 9999.0 9999.0 9999.0 9999.0 
9999.0 9999.0 57.46 63.38 51.13 60.93 101.16 116.41 128.62 135.11 86.06 77.75 75.60 9999.0 9999.0 9999.0 9999.0 9999.0 
9999.0 9999.0 57.78 70.67 59.18 48.71 92.91 123.47 127.05 141.20 98.63 84.93 82.34 9999.0 9999.0 9999.0 9999.0 9999.0 
9999.0 9999.0 70.92 79.42 68.20 91.72 103.64 146.79 151.98 142.53 114.31 88.16 85.35 9999.0 9999.0 9999.0 9999.0 9999.0 
9999.0 9999.0 78.93 88.79 88.29 78.99 130.06 143.44 169.33 160.20 127.49 94.02 89.84 9999.0 9999.0 9999.0 9999.0 9999.0 
9999.0 9999.0 80.57 93.66 92.78 103.19 146.07 154.27 158.21 161.08 113.50 93.46 93.97 9999.0 9999.0 9999.0 9999.0 9999.0 
9999.0 9999.0 94.52 104.94 108.30 142.40 150.16 176.46 206.25 168.62 135.97 100.61 95.10 9999.0 9999.0 9999.0 9999.0 9999.0 
9999.0 9999.0 92.99 117.12 101.34 123.47 165.64 172.26 175.67 151.48 100.22 99.27 96.53 9999.0 9999.0 9999.0 9999.0 9999.0 
9999.0 9999.0 107.86 128.62 115.53 147.64 168.64 179.58 175.43 163.41 121.94 100.17 101.02 9999.0 9999.0 9999.0 9999.0 9999.0 
9999.0 9999.0 119.70 137.49 136.66 170.25 195.25 204.82 203.58 168.97 145.76 107.83 105.17 9999.0 9999.0 9999.0 9999.0 9999.0 
9999.0 9999.0 125.12 143.23 130.04 156.75 185.89 193.19 177.01 177.44 127.58 104.01 106.21 9999.0 9999.0 9999.0 9999.0 9999.0 
9999.0 9999.0 138.49 141.60 150.66 190.41 200.75 195.75 208.66 168.43 156.25 109.33 107.55 105.55 9999.0 9999.0 9999.0 9999.0 
9999.0 9999.0 142.06 158.03 161.29 182.35 220.76 213.85 196.54 183.00 146.16 110.56 107.74 9999.0 9999.0 9999.0 9999.0 9999.0 
9999.0 9999.0 153.68 160.67 175.07 190.58 200.72 199.35 174.89 154.33 132.15 112.26 111.95 9999.0 9999.0 9999.0 9999.0 9999.0 
9999.0 9999.0 160.72 161.68 173.43 221.28 211.50 214.71 208.97 176.84 119.91 112.70 112.63 9999.0 9999.0 9999.0 9999.0 9999.0 
9999.0 9999.0 153.42 164.46 169.09 176.67 211.90 205.24 198.17 174.71 118.24 114.12 110.18 9999.0 9999.0 9999.0 9999.0 9999.0 
9999.0 9999.0 150.27 160.82 167.96 189.43 184.98 202.12 182.97 173.97 133.80 114.74 117.25 9999.0 9999.0 9999.0 9999.0 9999.0 
9999.0 9999.0 153.48 165.33 164.67 192.55 212.04 191.34 214.23 183.50 130.94 119.74 116.89 9999.0 9999.0 9999.0 9999.0 9999.0 
9999.0 9999.0 146.97 160.04 158.77 170.65 175.60 177.66 171.78 171.69 135.56 121.41 120.07 119.86 9999.0 9999.0 9999.0 9999.0 
9999.0 9999.0 152.02 155.17 153.12 170.53 187.38 177.24 181.89 180.09 143.78 123.47 121.08 124.84 9999.0 9999.0 9999.0 9999.0 
9999.0 9999.0 153.26 151.51 156.07 152.01 186.85 173.73 165.37 174.71 137.10 131.53 128.42 126.25 9999.0 9999.0 9999.0 9999.0 
9999.0 9999.0 146.52 150.25 154.85 144.98 157.87 145.27 152.71 146.12 140.55 131.74 128.86 9999.0 9999.0 9999.0 9999.0 9999.0 
9999.0 9999.0 149.67 155.72 153.35 154.28 146.57 141.59 144.31 137.48 141.91 136.75 125.26 9999.0 9999.0 9999.0 9999.0 9999.0 
9999.0 9999.0 143.22 156.68 154.45 152.38 142.57 136.62 143.64 130.94 129.97 129.97 128.41 9999.0 9999.0 9999.0 9999.0 9999.0 
9999.0 9999.0 9999.0 9999.0 9999.0 9999.0 9999.0 9999.0 9999.0 9999.0 9999.0 9999.0 9999.0 9999.0 9999.0 9999.0 9999.0 9999.0 
9999.0 9999.0 9999.0 9999.0 9999.0 9999.0 9999.0 9999.0 9999.0 9999.0 9999.0 9999.0 9999.0 9999.0 9999.0 9999.0 9999.0 9999.0 
9999.0 9999.0 9999.0 9999.0 9999.0 9999.0 9999.0 9999.0 9999.0 9999.0 9999.0 9999.0 9999.0 9999.0 9999.0 9999.0 9999.0 9999.0 
9999.0 9999.0 9999.0 9999.0 9999.0 9999.0 9999.0 9999.0 9999.0 9999.0 9999.0 9999.0 9999.0 9999.0 9999.0 9999.0 9999.0 9999.0 
9999.0 9999.0 19.46 0.00 27.50 40.41 65.77 65.03 93.46 87.40 76.98 71.35 69.92 73.10 9999.0 9999.0 9999.0 9999.0 
9999.0 9999.0 25.10 18.66 28.96 45.54 57.78 74.43 80.61 93.54 80.42 70.55 69.35 70.64 9999.0 9999.0 9999.0 9999.0 
9999.0 9999.0 26.77 18.03 34.50 52.39 52.68 82.86 87.33 95.84 99.16 69.15 70.39 72.41 9999.0 9999.0 9999.0 9999.0 
9999.0 9999.0 28.25 38.61 42.43 82.11 87.58 98.31 121.52 123.32 101.66 71.90 71.11 72.65 9999.0 9999.0 9999.0 9999.0 
9999.0 9999.0 47.52 53.87 48.97 63.64 69.15 96.96 117.45 115.67 94.67 76.61 75.33 9999.0 9999.0 9999.0 9999.0 9999.0 
9999.0 9999.0 42.38 59.82 61.25 72.36 77.34 104.52 115.48 127.32 84.12 78.30 73.99 9999.0 9999.0 9999.0 9999.0 9999.0 
9999.0 9999.0 57.48 70.22 56.30 65.39 97.42 121.31 131.78 131.04 86.40 80.39 79.41 9999.0 9999.0 9999.0 9999.0 9999.0 
9999.0 9999.0 71.17 78.71 80.40 106.47 105.21 124.25 142.73 147.67 110.65 85.49 85.83 9999.0 9999.0 9999.0 9999.0 9999.0 
9999.0 9999.0 62.63 77.92 92.19 113.76 115.13 132.90 172.67 152.35 128.51 87.30 83.87 9999.0 9999.0 9999.0 9999.0 9999.0 
9999.0 9999.0 77.36 88.43 102.77 95.19 115.73 151.89 159.16 138.78 117.99 91.54 90.83 9999.0 9999.0 9999.0 9999.0 9999.0 
9999.0 9999.0 89.87 91.87 103.49 131.47 129.49 159.63 158.89 133.59 120.56 92.21 94.29 9999.0 9999.0 9999.0 9999.0 9999.0 
9999.0 9999.0 89.99 107.97 118.62 156.17 164.85 177.50 188.85 158.71 112.16 96.36 96.50 93.43 9999.0 9999.0 9999.0 9999.0 
9999.0 9999.0 108.94 123.98 142.31 156.96 152.32 173.66 172.35 148.57 128.68 97.37 98.70 97.78 9999.0 9999.0 9999.0 9999.0 
9999.0 9999.0 110.68 120.63 135.12 161.86 174.96 180.44 184.38 169.83 122.73 105.52 103.26 103.94 9999.0 9999.0 9999.0 9999.0 
9999.0 9999.0 121.72 132.72 139.77 157.00 175.96 180.38 170.47 157.73 130.53 106.21 103.95 104.00 9999.0 9999.0 9999.0 9999.0 
9999.0 9999.0 139.32 141.43 163.89 187.79 184.87 185.81 166.49 163.77 136.83 106.57 108.37 105.76 9999.0 9999.0 9999.0 9999.0 
9999.0 9999.0 131.94 144.45 155.42 193.85 210.76 198.28 189.58 166.54 152.19 108.93 106.51 104.01 9999.0 9999.0 9999.0 9999.0 
9999.0 9999.0 147.46 157.81 169.45 172.47 192.62 191.83 170.91 140.07 138.47 107.17 107.54 107.57 9999.0 9999.0 9999.0 9999.0 
9999.0 9999.0 156.36 158.74 173.05 189.35 198.67 189.35 173.28 148.34 115.90 111.19 111.65 109.08 9999.0 9999.0 9999.0 9999.0 
9999.0 9999.0 163.51 167.70 184.34 213.47 213.63 212.98 203.12 184.75 145.72 111.63 111.23 107.97 9999.0 9999.0 9999.0 9999.0 
9999.0 9999.0 158.56 159.03 175.20 188.93 191.37 198.56 192.60 168.51 145.26 111.89 113.11 112.71 9999.0 9999.0 9999.0 9999.0 
9999.0 9999.0 159.63 158.68 165.38 197.38 195.25 197.34 199.32 176.73 138.56 118.30 118.15 116.04 9999.0 9999.0 9999.0 9999.0 
9999.0 9999.0 152.10 152.44 158.67 186.47 173.80 182.15 182.00 176.31 135.64 120.31 118.69 117.50 9999.0 9999.0 9999.0 9999.0 
9999.0 9999.0 151.37 157.44 174.70 178.85 166.81 170.53 177.21 181.42 150.77 122.82 123.05 122.88 9999.0 9999.0 9999.0 9999.0 
9999.0 9999.0 151.38 158.82 165.21 188.84 184.44 184.80 187.50 192.10 169.96 128.06 124.83 9999.0 9999.0 9999.0 9999.0 9999.0 
9999.0 9999.0 153.01 156.99 158.36 172.42 163.98 164.49 161.71 162.58 159.25 129.65 128.41 9999.0 9999.0 9999.0 9999.0 9999.0 
9999.0 9999.0 155.22 154.20 157.22 161.93 163.21 151.50 151.49 148.39 145.44 134.09 133.22 9999.0 9999.0 9999.0 9999.0 9999.0 
9999.0 9999.0 154.47 163.67 160.96 154.95 149.66 145.17 144.28 143.63 139.42 135.61 131.47 9999.0 9999.0 9999.0 9999.0 9999.0 
9999.0 9999.0 9999.0 9999.0 9999.0 9999.0 9999.0 9999.0 9999.0 9999.0 9999.0 9999.0 9999.0 9999.0 9999.0 9999.0 9999.0 9999.0 
9999.0 9999.0 9999.0 9999.0 9999.0 9999.0 9999.0 9999.0 9999.0 9999.0 9999.0 9999.0 9999.0 9999.0 9999.0 9999.0 9999.0 9999.0 
9999.0 9999.0 9999.0 9999.0 9999.0 9999.0 9999.0 9999.0 9999.0 9999.0 9999.0 9999.0 9999.0 9999.0 9999.0 9999.0 9999.0 9999.0 
9999.0 9999.0 9999.0 9999.0 9999.0 9999.0 9999.0 9999.0 9999.0 9999.0 9999.0 9999.0 9999.0 9999.0 9999.0 9999.0 9999.0 9999.0 
9999.0 9999.0 19.19 27.87 25.55 45.72 52.47 63.36 74.51 69.78 80.29 69.34 69.52 9999.0 9999.0 9999.0 9999.0 9999.0 
9999.0 9999.0 21.81 29.36 29.13 33.81 58.51 60.47 72.04 97.27 73.53 71.15 66.11 9999.0 9999.0 9999.0 9999.0 9999.0 
9999.0 9999.0 25.36 36.16 28.54 28.08 67.73 69.34 96.61 98.60 77.79 70.50 69.20 69.88 9999.0 9999.0 9999.0 9999.0 
9999.0 9999.0 42.94 42.61 48.49 45.23 74.21 94.15 118.78 115.11 94.45 73.79 70.91 9999.0 9999.0 9999.0 9999.0 9999.0 
9999.0 9999.0 45.21 50.25 59.26 37.99 85.87 77.28 109.19 108.48 89.88 70.58 71.97 9999.0 9999.0 9999.0 9999.0 9999.0 
9999.0 9999.0 60.25 65.93 63.04 60.09 93.09 95.26 125.85 127.42 103.22 77.47 76.68 9999.0 9999.0 9999.0 9999.0 9999.0 
9999.0 9999.0 67.15 67.62 75.01 82.12 100.59 102.80 139.01 140.92 86.98 83.62 78.83 9999.0 9999.0 9999.0 9999.0 9999.0 
9999.0 9999.0 74.11 75.56 89.48 104.79 100.64 117.46 132.42 125.85 106.10 81.78 82.18 9999.0 9999.0 9999.0 9999.0 9999.0 
9999.0 9999.0 84.58 92.57 96.56 106.04 106.82 120.21 142.57 144.63 103.89 90.34 87.79 9999.0 9999.0 9999.0 9999.0 9999.0 
9999.0 9999.0 80.78 103.41 101.52 104.19 128.38 127.39 156.79 146.60 115.02 91.57 89.86 9999.0 9999.0 9999.0 9999.0 9999.0 
9999.0 9999.0 94.70 106.33 110.89 136.99 134.04 161.02 162.67 137.05 118.06 94.36 94.20 9999.0 9999.0 9999.0 9999.0 9999.0 
9999.0 9999.0 103.38 114.16 124.64 132.29 161.02 164.93 161.81 149.28 136.25 100.18 99.23 9999.0 9999.0 9999.0 9999.0 9999.0 
9999.0 9999.0 115.46 127.20 139.49 137.18 172.11 169.77 151.71 142.90 104.65 100.89 101.44 103.93 9999.0 9999.0 9999.0 9999.0 
9999.0 9999.0 127.48 143.70 139.70 144.13 194.46 187.43 168.42 170.44 146.61 104.80 101.63 9999.0 9999.0 9999.0 9999.0 9999.0 
9999.0 9999.0 125.08 143.39 155.90 151.93 182.90 174.24 174.80 165.23 118.10 106.01 104.74 9999.0 9999.0 9999.0 9999.0 9999.0 
9999.0 9999.0 140.58 145.18 158.19 164.09 177.45 165.17 160.13 146.88 130.56 107.41 110.91 9999.0 9999.0 9999.0 9999.0 9999.0 
9999.0 9999.0 147.69 161.93 167.83 189.17 205.32 175.13 162.47 165.10 150.69 112.20 110.98 9999.0 9999.0 9999.0 9999.0 9999.0 
9999.0 9999.0 151.87 170.99 166.33 172.75 187.41 172.25 176.39 154.01 120.87 111.05 109.32 9999.0 9999.0 9999.0 9999.0 9999.0 
9999.0 9999.0 156.61 167.32 164.67 188.58 190.20 174.26 179.57 156.76 120.55 115.54 112.11 9999.0 9999.0 9999.0 9999.0 9999.0 
9999.0 9999.0 159.35 166.41 166.58 170.21 189.43 191.41 170.22 175.54 123.26 115.18 113.77 113.33 9999.0 9999.0 9999.0 9999.0 
9999.0 9999.0 159.55 164.47 177.52 164.35 189.26 183.53 172.17 150.42 133.14 116.75 114.57 117.45 9999.0 9999.0 9999.0 9999.0 
9999.0 9999.0 165.88 170.63 177.50 170.75 219.74 203.82 189.25 174.79 156.96 120.05 117.03 118.88 9999.0 9999.0 9999.0 9999.0 
9999.0 9999.0 161.69 160.68 168.66 185.42 196.30 199.47 188.41 175.37 130.26 118.86 118.87 121.76 9999.0 9999.0 9999.0 9999.0 
9999.0 9999.0 154.73 163.57 166.28 177.16 180.60 178.81 172.83 157.72 139.64 121.23 124.07 124.78 9999.0 9999.0 9999.0 9999.0 
9999.0 9999.0 163.52 160.67 161.62 180.71 190.29 178.00 180.68 184.84 166.50 126.11 125.04 9999.0 9999.0 9999.0 9999.0 9999.0 
9999.0 9999.0 153.40 164.00 154.54 154.88 182.05 169.42 149.97 162.51 142.78 128.71 127.76 9999.0 9999.0 9999.0 9999.0 9999.0 
9999.0 9999.0 160.92 157.79 160.17 149.96 146.07 152.73 141.04 143.63 135.40 131.13 130.37 9999.0 9999.0 9999.0 9999.0 9999.0 
9999.0 9999.0 162.93 165.17 151.28 156.23 147.00 152.00 143.58 139.53 140.36 137.03 131.26 128.47 9999.0 9999.0 9999.0 9999.0 
9999.0 9999.0 9999.0 9999.0 9999.0 9999.0 9999.0 9999.0 9999.0 9999.0 9999.0 9999.0 9999.0 9999.0 9999.0 9999.0 9999.0 9999.0 
9999.0 9999.0 9999.0 9999.0 9999.0 9999.0 9999.0 9999.0 9999.0 9999.0 9999.0 9999.0 9999.0 9999.0 9999.0 9999.0 9999.0 9999.0 
9999.0 9999.0 9999.0 9999.0 9999.0 9999.0 9999.0 9999.0 9999.0 9999.0 9999.0 9999.0 9999.0 9999.0 9999.0 9999.0 9999.0 9999.0 
9999.0 9999.0 9999.0 9999.0 9999.0 9999.0 9999.0 9999.0 9999.0 9999.0 9999.0 9999.0 9999.0 9999.0 9999.0 9999.0 9999.0 9999.0 
9999.0 9999.0 21.66 22.64 14.30 40.25 47.90 52.26 71.56 70.98 76.06 67.19 69.65 9999.0 9999.0 9999.0 9999.0 9999.0 
9999.0 9999.0 11.55 31.93 8.64 29.16 57.10 44.59 83.90 51.99 64.66 67.53 62.30 9999.0 9999.0 9999.0 9999.0 9999.0 
9999.0 9999.0 26.27 28.65 26.83 17.42 59.63 54.17 79.04 80.38 76.53 67.91 63.68 9999.0 9999.0 9999.0 9999.0 9999.0 
9999.0 9999.0 30.94 45.21 41.94 25.54 59.05 65.04 93.61 79.81 80.74 78.02 71.40 9999.0 9999.0 9999.0 9999.0 9999.0 
9999.0 9999.0 43.82 68.31 49.58 49.99 81.50 89.69 94.38 93.21 92.13 76.50 72.80 9999.0 9999.0 9999.0 9999.0 9999.0 
9999.0 9999.0 53.62 56.86 53.99 57.72 90.07 76.26 120.02 116.48 108.26 78.09 77.49 9999.0 9999.0 9999.0 9999.0 9999.0 
9999.0 9999.0 62.79 82.72 67.64 64.84 94.33 114.57 130.10 111.20 83.68 82.44 79.13 9999.0 9999.0 9999.0 9999.0 9999.0 
9999.0 9999.0 78.64 88.63 96.51 73.02 95.99 120.20 120.22 119.39 111.00 85.01 81.63 9999.0 9999.0 9999.0 9999.0 9999.0 
9999.0 9999.0 82.90 95.17 90.43 83.72 122.54 118.13 138.90 121.32 125.13 88.85 86.75 9999.0 9999.0 9999.0 9999.0 9999.0 
9999.0 9999.0 84.12 106.34 105.66 93.31 134.21 141.54 152.91 115.18 98.60 88.43 88.85 9999.0 9999.0 9999.0 9999.0 9999.0 
9999.0 9999.0 101.06 100.89 121.28 100.25 147.35 141.10 150.89 135.83 120.73 96.15 91.64 9999.0 9999.0 9999.0 9999.0 9999.0 
9999.0 9999.0 106.13 124.06 124.02 119.48 157.75 144.69 137.93 130.26 113.90 102.17 97.98 9999.0 9999.0 9999.0 9999.0 9999.0 
9999.0 9999.0 112.61 138.96 130.94 122.15 156.20 181.51 152.60 129.26 112.98 100.33 99.76 9999.0 9999.0 9999.0 9999.0 9999.0 
9999.0 9999.0 123.87 129.77 157.47 130.27 166.46 168.66 156.77 148.54 138.51 102.00 100.76 9999.0 9999.0 9999.0 9999.0 9999.0 
9999.0 9999.0 132.77 156.49 143.53 153.63 171.25 143.61 166.27 133.14 116.51 103.15 101.28 9999.0 9999.0 9999.0 9999.0 9999.0 
9999.0 9999.0 145.51 160.75 173.31 144.94 173.88 166.01 161.83 135.42 131.35 112.35 107.16 9999.0 9999.0 9999.0 9999.0 9999.0 
9999.0 9999.0 147.81 161.43 152.16 155.37 174.23 157.40 160.06 135.49 140.19 108.14 107.17 9999.0 9999.0 9999.0 9999.0 9999.0 
9999.0 9999.0 147.64 171.41 160.31 176.48 163.12 169.84 156.57 128.79 128.96 113.11 109.41 9999.0 9999.0 9999.0 9999.0 9999.0 
9999.0 9999.0 150.45 171.92 171.48 167.45 186.10 168.52 165.53 145.23 134.54 115.93 113.21 9999.0 9999.0 9999.0 9999.0 9999.0 
9999.0 9999.0 149.02 168.93 159.79 171.13 187.91 165.51 163.07 149.81 120.01 117.06 113.86 9999.0 9999.0 9999.0 9999.0 9999.0 
9999.0 9999.0 160.73 170.66 158.21 160.44 174.00 192.93 169.72 143.83 139.26 117.57 115.39 9999.0 9999.0 9999.0 9999.0 9999.0 
9999.0 9999.0 158.21 168.55 183.63 166.42 195.15 180.21 170.06 159.57 154.60 116.71 116.87 9999.0 9999.0 9999.0 9999.0 9999.0 
9999.0 9999.0 162.55 178.77 174.96 187.67 184.51 162.86 168.38 154.05 122.31 117.08 118.86 9999.0 9999.0 9999.0 9999.0 9999.0 
9999.0 9999.0 165.16 172.08 172.22 176.64 178.98 177.75 166.86 149.63 143.65 124.52 123.20 9999.0 9999.0 9999.0 9999.0 9999.0 
9999.0 9999.0 163.33 162.23 159.09 160.58 181.57 166.50 174.16 161.15 161.31 126.23 122.49 9999.0 9999.0 9999.0 9999.0 9999.0 
9999.0 9999.0 153.73 156.31 151.64 156.41 152.26 155.91 151.36 143.03 132.44 125.06 126.80 9999.0 9999.0 9999.0 9999.0 9999.0 
9999.0 9999.0 150.94 155.43 147.51 153.73 162.45 145.52 150.86 143.22 133.44 131.38 130.37 9999.0 9999.0 9999.0 9999.0 9999.0 
9999.0 9999.0 150.06 155.76 153.58 150.72 147.33 145.26 152.74 145.98 134.48 137.68 132.99 9999.0 9999.0 9999.0 9999.0 9999.0 
9999.0 9999.0 9999.0 9999.0 9999.0 9999.0 9999.0 9999.0 9999.0 9999.0 9999.0 9999.0 9999.0 9999.0 9999.0 9999.0 9999.0 9999.0 
9999.0 9999.0 9999.0 9999.0 9999.0 9999.0 9999.0 9999.0 9999.0 9999.0 9999.0 9999.0 9999.0 9999.0 9999.0 9999.0 9999.0 9999.0 
9999.0 9999.0 9999.0 9999.0 9999.0 9999.0 9999.0 9999.0 9999.0 9999.0 9999.0 9999.0 9999.0 9999.0 9999.0 9999.0 9999.0 9999.0 
9999.0 9999.0 9999.0 9999.0 9999.0 9999.0 9999.0 9999.0 9999.0 9999.0 9999.0 9999.0 9999.0 9999.0 9999.0 9999.0 9999.0 9999.0 
9999.0 9999.0 14.70 22.34 20.19 14.91 37.12 35.50 41.67 54.34 45.20 64.69 60.47 9999.0 9999.0 9999.0 9999.0 9999.0 
9999.0 9999.0 34.05 35.91 30.20 35.15 31.82 52.30 64.61 66.35 77.85 66.69 61.36 9999.0 9999.0 9999.0 9999.0 9999.0 
9999.0 9999.0 32.29 36.12 35.79 35.29 36.70 66.44 54.55 82.03 69.80 73.84 64.08 9999.0 9999.0 9999.0 9999.0 9999.0 
9999.0 9999.0 38.20 51.16 35.55 44.06 58.42 66.56 71.01 83.04 76.77 74.73 70.03 9999.0 9999.0 9999.0 9999.0 9999.0 
9999.0 9999.0 52.26 80.65 75.32 90.30 70.31 88.79 107.93 99.15 107.20 79.38 74.49 9999.0 9999.0 9999.0 9999.0 9999.0 
9999.0 9999.0 63.49 58.47 71.20 63.10 84.31 65.48 96.02 105.52 79.07 79.15 9999.0 9999.0 9999.0 9999.0 9999.0 9999.0 
9999.0 9999.0 65.77 79.04 69.33 85.78 92.82 78.43 120.93 97.77 108.21 78.75 75.78 9999.0 9999.0 9999.0 9999.0 9999.0 
9999.0 9999.0 93.42 113.96 106.67 108.35 116.42 121.69 130.74 113.09 111.45 88.74 85.71 9999.0 9999.0 9999.0 9999.0 9999.0 
9999.0 9999.0 92.97 114.63 96.62 121.99 134.84 105.95 118.15 116.92 94.36 106.41 85.22 9999.0 9999.0 9999.0 9999.0 9999.0 
9999.0 9999.0 108.51 117.20 112.20 131.15 124.55 134.65 148.16 107.65 132.85 91.65 89.60 9999.0 9999.0 9999.0 9999.0 9999.0 
9999.0 9999.0 114.31 134.83 134.94 140.98 145.72 143.90 133.69 135.68 107.69 107.43 93.71 9999.0 9999.0 9999.0 9999.0 9999.0 
9999.0 9999.0 109.58 139.11 128.97 150.55 151.44 124.37 134.71 126.31 112.76 123.58 97.21 9999.0 9999.0 9999.0 9999.0 9999.0 
9999.0 9999.0 134.51 142.12 160.67 178.99 179.27 174.46 163.97 147.81 130.75 106.24 101.71 9999.0 9999.0 9999.0 9999.0 9999.0 
9999.0 9999.0 136.89 143.27 160.25 163.49 168.52 146.73 140.29 134.81 107.65 101.32 102.54 9999.0 9999.0 9999.0 9999.0 9999.0 
9999.0 9999.0 141.33 159.80 146.73 176.61 152.47 166.84 160.03 118.78 132.56 102.57 101.19 9999.0 9999.0 9999.0 9999.0 9999.0 
9999.0 9999.0 148.80 178.25 178.35 166.00 175.33 166.28 166.66 149.99 135.60 121.69 107.59 9999.0 9999.0 9999.0 9999.0 9999.0 
9999.0 9999.0 142.77 166.78 169.49 157.62 163.93 136.62 142.44 141.18 117.10 120.31 107.07 9999.0 9999.0 9999.0 9999.0 9999.0 
9999.0 9999.0 160.06 173.04 167.75 201.44 154.14 175.66 161.60 125.87 148.98 114.30 113.99 9999.0 9999.0 9999.0 9999.0 9999.0 
9999.0 9999.0 154.94 163.98 178.44 169.61 170.91 164.61 135.92 146.96 121.29 123.15 113.84 9999.0 9999.0 9999.0 9999.0 9999.0 
9999.0 9999.0 146.23 174.82 154.35 184.34 172.51 145.69 156.24 140.75 135.35 140.01 114.98 9999.0 9999.0 9999.0 9999.0 9999.0 
9999.0 9999.0 175.82 190.11 182.90 190.67 204.69 186.88 183.05 153.32 147.41 119.09 118.16 9999.0 9999.0 9999.0 9999.0 9999.0 
9999.0 9999.0 165.64 170.19 187.11 169.17 185.19 146.02 153.96 149.48 127.64 116.60 116.70 9999.0 9999.0 9999.0 9999.0 9999.0 
9999.0 9999.0 170.31 184.19 165.58 191.35 180.45 177.34 162.29 133.00 142.92 115.86 116.22 9999.0 9999.0 9999.0 9999.0 9999.0 
9999.0 9999.0 173.40 168.68 178.06 179.31 194.48 174.85 167.83 166.73 133.98 126.05 118.38 9999.0 9999.0 9999.0 9999.0 9999.0 
9999.0 9999.0 161.44 166.92 156.27 155.85 171.33 151.88 157.94 149.62 129.00 125.76 119.48 9999.0 9999.0 9999.0 9999.0 9999.0 
9999.0 9999.0 160.46 155.43 156.74 179.33 150.15 168.94 170.16 139.47 169.09 125.79 122.55 9999.0 9999.0 9999.0 9999.0 9999.0 
9999.0 9999.0 151.06 154.25 147.65 149.21 148.83 144.19 141.65 140.10 130.95 136.16 128.32 9999.0 9999.0 9999.0 9999.0 9999.0 
9999.0 9999.0 148.11 151.18 141.93 144.07 143.83 141.23 140.89 141.80 132.28 135.41 131.06 9999.0 9999.0 9999.0 9999.0 9999.0 
9999.0 9999.0 9999.0 9999.0 9999.0 9999.0 9999.0 9999.0 9999.0 9999.0 9999.0 9999.0 9999.0 9999.0 9999.0 9999.0 9999.0 9999.0 
9999.0 9999.0 9999.0 9999.0 9999.0 9999.0 9999.0 9999.0 9999.0 9999.0 9999.0 9999.0 9999.0 9999.0 9999.0 9999.0 9999.0 9999.0 
9999.0 9999.0 9999.0 9999.0 9999.0 9999.0 9999.0 9999.0 9999.0 9999.0 9999.0 9999.0 9999.0 9999.0 9999.0 9999.0 9999.0 9999.0 
9999.0 9999.0 9999.0 9999.0 9999.0 9999.0 9999.0 9999.0 9999.0 9999.0 9999.0 9999.0 9999.0 9999.0 9999.0 9999.0 9999.0 9999.0 
9999.0 9999.0 17.60 30.91 23.44 16.96 23.92 35.58 41.72 45.19 47.79 63.48 59.56 9999.0 9999.0 9999.0 9999.0 9999.0 
9999.0 9999.0 31.08 21.82 18.55 20.91 15.49 37.35 34.55 32.86 57.93 56.07 62.43 9999.0 9999.0 9999.0 9999.0 9999.0 
9999.0 9999.0 43.44 34.37 34.59 23.30 27.96 30.77 53.62 61.41 70.93 64.35 69.11 9999.0 9999.0 9999.0 9999.0 9999.0 
9999.0 9999.0 32.60 35.85 38.23 32.26 26.26 56.02 65.51 74.59 73.62 73.00 66.45 9999.0 9999.0 9999.0 9999.0 9999.0 
9999.0 9999.0 60.39 68.41 48.30 72.81 78.38 78.91 90.12 64.07 102.35 113.98 74.30 9999.0 9999.0 9999.0 9999.0 9999.0 
9999.0 9999.0 71.57 77.39 77.88 73.25 78.47 82.04 97.83 98.63 111.35 89.20 79.45 9999.0 9999.0 9999.0 9999.0 9999.0 
9999.0 9999.0 70.83 85.02 78.50 99.78 95.38 104.81 109.59 108.88 114.98 94.64 9999.0 9999.0 9999.0 9999.0 9999.0 9999.0 
9999.0 9999.0 97.56 98.97 97.90 117.69 134.94 132.08 127.97 102.83 126.01 128.24 85.96 9999.0 9999.0 9999.0 9999.0 9999.0 
9999.0 9999.0 92.76 101.77 92.87 102.44 114.98 108.13 121.93 125.92 95.57 110.40 87.46 9999.0 9999.0 9999.0 9999.0 9999.0 
9999.0 9999.0 109.10 112.77 118.78 125.14 127.28 126.48 123.44 124.96 129.78 108.36 89.33 9999.0 9999.0 9999.0 9999.0 9999.0 
9999.0 9999.0 118.05 121.40 124.17 141.47 131.34 150.08 128.96 143.04 130.04 118.97 98.61 9999.0 9999.0 9999.0 9999.0 9999.0 
9999.0 9999.0 99.81 124.06 114.47 130.97 148.22 117.43 128.50 133.34 101.80 112.25 93.88 9999.0 9999.0 9999.0 9999.0 9999.0 
9999.0 9999.0 121.04 153.33 133.98 175.29 170.08 169.99 144.50 111.49 142.61 117.70 106.45 9999.0 9999.0 9999.0 9999.0 9999.0 
9999.0 9999.0 138.55 140.32 152.16 154.23 155.72 158.55 139.54 147.26 124.78 109.08 106.76 9999.0 9999.0 9999.0 9999.0 9999.0 
9999.0 9999.0 130.77 141.73 135.68 173.35 151.81 153.25 126.12 133.64 128.52 113.57 96.19 9999.0 9999.0 9999.0 9999.0 9999.0 
9999.0 9999.0 154.90 179.63 152.63 174.80 168.37 167.45 149.59 136.79 143.68 107.24 99.67 9999.0 9999.0 9999.0 9999.0 9999.0 
9999.0 9999.0 132.63 164.93 148.74 160.22 151.65 136.05 143.50 142.11 117.63 127.22 106.49 9999.0 9999.0 9999.0 9999.0 9999.0 
9999.0 9999.0 157.88 162.44 176.37 195.99 159.34 166.20 145.40 128.03 155.68 130.55 114.95 9999.0 9999.0 9999.0 9999.0 9999.0 
9999.0 9999.0 162.53 157.73 173.42 172.99 175.90 165.53 147.72 149.80 149.72 142.69 116.97 9999.0 9999.0 9999.0 9999.0 9999.0 
9999.0 9999.0 135.23 167.01 150.82 166.72 168.68 140.94 147.83 146.01 117.64 117.81 120.68 9999.0 9999.0 9999.0 9999.0 9999.0 
9999.0 9999.0 170.89 182.75 179.39 192.70 191.92 188.95 169.14 134.47 154.99 136.59 112.19 9999.0 9999.0 9999.0 9999.0 9999.0 
9999.0 9999.0 177.94 180.57 179.74 151.75 178.99 164.86 163.34 154.21 146.23 124.49 111.46 9999.0 9999.0 9999.0 9999.0 9999.0 
9999.0 9999.0 168.94 179.57 166.31 179.50 161.26 153.64 149.97 130.11 146.51 119.58 113.55 9999.0 9999.0 9999.0 9999.0 9999.0 
9999.0 9999.0 188.54 172.10 177.30 193.30 175.87 170.80 162.46 134.78 164.72 148.92 116.65 9999.0 9999.0 9999.0 9999.0 9999.0 
9999.0 9999.0 167.24 162.37 159.66 151.79 161.39 161.94 162.86 165.19 129.33 122.82 119.67 9999.0 9999.0 9999.0 9999.0 9999.0 
9999.0 9999.0 157.06 154.25 158.64 154.19 146.34 143.42 140.92 136.39 132.79 125.35 124.59 9999.0 9999.0 9999.0 9999.0 9999.0 
9999.0 9999.0 151.31 143.80 147.20 142.13 139.91 139.15 134.91 138.10 133.15 128.41 129.05 9999.0 9999.0 9999.0 9999.0 9999.0 
9999.0 9999.0 136.90 140.49 141.77 134.76 137.56 137.62 134.70 135.45 130.38 127.23 133.52 9999.0 9999.0 9999.0 9999.0 9999.0 
9999.0 9999.0 9999.0 9999.0 9999.0 9999.0 9999.0 9999.0 9999.0 9999.0 9999.0 9999.0 9999.0 9999.0 9999.0 9999.0 9999.0 9999.0 
9999.0 9999.0 9999.0 9999.0 9999.0 9999.0 9999.0 9999.0 9999.0 9999.0 9999.0 9999.0 9999.0 9999.0 9999.0 9999.0 9999.0 9999.0 
9999.0 9999.0 9999.0 9999.0 9999.0 9999.0 9999.0 9999.0 9999.0 9999.0 9999.0 9999.0 9999.0 9999.0 9999.0 9999.0 9999.0 9999.0 
9999.0 9999.0 9999.0 9999.0 9999.0 9999.0 9999.0 9999.0 9999.0 9999.0 9999.0 9999.0 9999.0 9999.0 9999.0 9999.0 9999.0 9999.0 
9999.0 9999.0 23.49 18.21 30.41 26.13 27.14 31.69 40.66 44.34 44.58 57.79 52.10 9999.0 9999.0 9999.0 9999.0 9999.0 
9999.0 9999.0 42.08 29.59 29.08 23.85 32.52 39.53 35.34 45.47 63.10 57.53 54.41 9999.0 9999.0 9999.0 9999.0 9999.0 
9999.0 9999.0 41.75 27.24 32.87 23.79 25.16 34.72 32.44 44.62 59.50 61.06 62.39 9999.0 9999.0 9999.0 9999.0 9999.0 
9999.0 9999.0 46.90 55.73 40.66 32.13 41.88 46.90 49.03 74.47 73.79 74.12 66.70 9999.0 9999.0 9999.0 9999.0 9999.0 
9999.0 9999.0 80.89 70.28 96.69 75.31 68.95 90.69 85.80 93.31 109.48 94.83 80.89 9999.0 9999.0 9999.0 9999.0 9999.0 
9999.0 9999.0 99.14 81.82 111.68 102.92 92.26 105.57 78.25 121.67 113.97 90.55 86.13 9999.0 9999.0 9999.0 9999.0 9999.0 
9999.0 9999.0 103.48 85.22 118.29 104.07 94.90 125.82 116.45 120.07 115.29 106.14 83.91 9999.0 9999.0 9999.0 9999.0 9999.0 
9999.0 9999.0 132.03 102.09 119.69 131.73 111.32 130.22 123.91 122.25 120.00 107.62 88.50 9999.0 9999.0 9999.0 9999.0 9999.0 
9999.0 9999.0 126.38 110.08 126.72 122.26 117.19 134.19 104.19 110.35 113.22 91.16 93.23 9999.0 9999.0 9999.0 9999.0 9999.0 
9999.0 9999.0 140.34 130.11 153.66 149.11 138.44 144.88 132.72 138.54 127.07 113.56 95.63 9999.0 9999.0 9999.0 9999.0 9999.0 
9999.0 9999.0 152.65 132.06 150.17 153.56 151.71 163.95 119.81 139.27 132.04 110.45 106.67 9999.0 9999.0 9999.0 9999.0 9999.0 
9999.0 9999.0 132.04 139.20 158.49 143.88 153.75 150.90 129.15 144.40 125.91 112.43 103.86 9999.0 9999.0 9999.0 9999.0 9999.0 
9999.0 9999.0 173.11 146.59 174.22 172.90 164.57 166.37 137.10 143.58 149.15 116.62 138.07 9999.0 9999.0 9999.0 9999.0 9999.0 
9999.0 9999.0 169.62 139.39 179.40 153.56 158.90 164.31 135.04 144.73 108.83 116.52 115.68 9999.0 9999.0 9999.0 9999.0 9999.0 
9999.0 9999.0 140.97 155.44 181.49 174.21 160.03 158.60 140.43 153.20 136.63 114.94 111.20 9999.0 9999.0 9999.0 9999.0 9999.0 
9999.0 9999.0 187.37 169.70 185.77 178.32 155.60 167.01 149.87 148.71 135.20 122.34 115.44 106.30 9999.0 9999.0 9999.0 9999.0 
9999.0 9999.0 143.76 159.63 185.51 145.88 146.07 157.09 139.10 153.47 125.03 110.00 115.13 9999.0 9999.0 9999.0 9999.0 9999.0 
9999.0 9999.0 185.00 172.81 195.95 193.80 166.76 164.55 149.16 170.09 155.25 134.47 145.00 9999.0 9999.0 9999.0 9999.0 9999.0 
9999.0 9999.0 186.01 171.16 193.18 172.35 170.53 175.51 143.99 164.21 152.47 131.26 124.48 9999.0 9999.0 9999.0 9999.0 9999.0 
9999.0 9999.0 163.21 177.65 192.11 170.06 173.99 166.84 147.32 155.79 138.51 126.67 122.06 9999.0 9999.0 9999.0 9999.0 9999.0 
9999.0 9999.0 200.57 181.65 190.74 185.61 177.73 184.14 161.69 160.64 163.13 134.27 127.45 9999.0 9999.0 9999.0 9999.0 9999.0 
9999.0 9999.0 202.78 180.56 204.99 188.24 179.52 176.57 161.89 161.10 149.49 123.89 126.26 9999.0 9999.0 9999.0 9999.0 9999.0 
9999.0 9999.0 188.62 194.88 199.75 191.29 175.03 179.52 163.07 171.60 157.89 142.00 124.17 109.30 9999.0 9999.0 9999.0 9999.0 
9999.0 9999.0 195.51 169.78 186.53 186.27 167.72 169.10 157.24 166.96 163.01 141.60 125.65 112.52 9999.0 9999.0 9999.0 9999.0 
9999.0 9999.0 170.27 166.66 177.29 146.02 158.88 155.03 146.45 147.20 137.83 132.70 123.60 114.74 9999.0 9999.0 9999.0 9999.0 
9999.0 9999.0 173.48 168.77 154.69 146.94 147.05 139.33 130.32 133.43 126.81 126.37 132.22 9999.0 9999.0 9999.0 9999.0 9999.0 
9999.0 9999.0 166.78 154.27 149.45 148.60 147.71 144.82 136.63 139.90 135.86 128.54 131.77 9999.0 9999.0 9999.0 9999.0 9999.0 
9999.0 9999.0 145.07 136.75 145.23 133.45 133.31 131.06 127.91 132.97 125.29 124.76 127.63 9999.0 9999.0 9999.0 9999.0 9999.0 
9999.0 9999.0 9999.0 9999.0 9999.0 9999.0 9999.0 9999.0 9999.0 9999.0 9999.0 9999.0 9999.0 9999.0 9999.0 9999.0 9999.0 9999.0 
9999.0 9999.0 9999.0 9999.0 9999.0 9999.0 9999.0 9999.0 9999.0 9999.0 9999.0 9999.0 9999.0 9999.0 9999.0 9999.0 9999.0 9999.0 
9999.0 9999.0 9999.0 9999.0 9999.0 9999.0 9999.0 9999.0 9999.0 9999.0 9999.0 9999.0 9999.0 9999.0 9999.0 9999.0 9999.0 9999.0 
9999.0 9999.0 9999.0 9999.0 9999.0 9999.0 9999.0 9999.0 9999.0 9999.0 9999.0 9999.0 9999.0 9999.0 9999.0 9999.0 9999.0 9999.0 
9999.0 9999.0 32.94 41.85 30.49 29.18 34.44 28.65 27.97 37.76 45.21 46.77 57.19 63.80 9999.0 9999.0 9999.0 9999.0 
9999.0 9999.0 39.93 33.03 25.74 28.20 29.86 30.59 30.59 39.49 49.29 53.53 56.86 61.92 9999.0 9999.0 9999.0 9999.0 
9999.0 9999.0 41.38 35.38 30.25 23.94 25.40 31.27 25.20 38.46 52.77 52.61 63.26 62.28 9999.0 9999.0 9999.0 9999.0 
9999.0 9999.0 56.00 63.62 61.33 57.77 68.08 77.29 69.73 70.32 101.71 85.99 75.10 77.73 9999.0 9999.0 9999.0 9999.0 
9999.0 9999.0 64.50 70.00 72.15 58.19 66.85 90.37 68.59 64.79 105.06 92.49 67.27 9999.0 9999.0 9999.0 9999.0 9999.0 
9999.0 9999.0 58.33 73.30 90.82 91.89 84.99 103.46 94.69 90.44 103.29 93.63 105.84 9999.0 9999.0 9999.0 9999.0 9999.0 
9999.0 9999.0 65.65 82.44 110.11 95.70 97.35 112.85 94.54 95.12 101.44 95.98 96.51 9999.0 9999.0 9999.0 9999.0 9999.0 
9999.0 9999.0 81.36 110.45 113.15 114.77 104.49 122.72 114.50 109.13 117.60 106.42 89.45 9999.0 9999.0 9999.0 9999.0 9999.0 
9999.0 9999.0 82.13 119.03 114.45 111.87 124.70 134.07 101.08 100.94 110.13 104.98 78.31 9999.0 9999.0 9999.0 9999.0 9999.0 
9999.0 9999.0 100.89 112.98 118.72 128.40 121.82 134.31 105.59 97.56 110.62 97.75 80.34 9999.0 9999.0 9999.0 9999.0 9999.0 
9999.0 9999.0 90.52 111.12 129.02 134.92 129.56 139.58 125.70 109.64 115.21 104.58 84.76 9999.0 9999.0 9999.0 9999.0 9999.0 
9999.0 9999.0 106.72 137.14 137.69 139.43 150.44 153.88 121.09 121.05 118.93 107.42 110.07 85.59 9999.0 9999.0 9999.0 9999.0 
9999.0 9999.0 118.22 133.38 142.07 141.71 130.41 146.04 124.73 124.05 121.14 107.31 100.44 84.78 9999.0 9999.0 9999.0 9999.0 
9999.0 9999.0 121.64 129.83 149.71 147.84 135.68 145.05 128.66 122.64 125.04 112.02 103.44 89.60 9999.0 9999.0 9999.0 9999.0 
9999.0 9999.0 124.87 139.04 157.66 151.32 143.85 153.19 131.01 117.60 121.82 109.97 110.33 90.66 9999.0 9999.0 9999.0 9999.0 
9999.0 9999.0 127.66 151.95 153.78 164.72 151.98 163.38 143.02 132.08 136.63 119.57 112.05 96.66 9999.0 9999.0 9999.0 9999.0 
9999.0 9999.0 123.51 154.17 153.71 150.97 150.43 161.17 122.70 119.54 127.14 119.27 96.70 96.92 9999.0 9999.0 9999.0 9999.0 
9999.0 9999.0 135.81 146.12 156.87 175.01 150.55 162.03 120.81 120.96 127.34 114.61 101.62 97.29 9999.0 9999.0 9999.0 9999.0 
9999.0 9999.0 126.94 150.87 172.29 166.07 152.63 166.78 144.24 135.87 133.84 126.00 121.61 9999.0 9999.0 9999.0 9999.0 9999.0 
9999.0 9999.0 143.78 175.51 181.53 177.78 159.54 170.06 142.82 134.47 135.79 128.89 120.59 9999.0 9999.0 9999.0 9999.0 9999.0 
9999.0 9999.0 157.03 177.46 182.62 177.04 156.29 171.79 149.55 144.43 137.85 122.74 102.18 101.63 9999.0 9999.0 9999.0 9999.0 
9999.0 9999.0 160.10 168.77 180.96 181.10 160.69 163.33 152.67 139.71 139.78 128.87 123.09 103.50 9999.0 9999.0 9999.0 9999.0 
9999.0 9999.0 156.12 172.84 192.77 176.50 163.29 175.74 152.97 138.36 137.44 127.35 120.10 108.94 9999.0 9999.0 9999.0 9999.0 
9999.0 9999.0 177.45 180.46 182.76 165.35 168.88 181.44 140.29 139.58 148.23 130.37 119.50 109.87 9999.0 9999.0 9999.0 9999.0 
9999.0 9999.0 176.82 167.00 152.64 143.32 150.58 145.31 135.46 131.14 126.99 124.07 115.01 9999.0 9999.0 9999.0 9999.0 9999.0 
9999.0 9999.0 170.53 161.55 153.37 147.39 141.52 136.89 128.82 128.27 127.21 123.59 117.42 9999.0 9999.0 9999.0 9999.0 9999.0 
9999.0 9999.0 147.35 145.77 143.80 136.52 143.82 138.15 134.65 127.22 131.74 121.87 122.15 9999.0 9999.0 9999.0 9999.0 9999.0 
9999.0 9999.0 136.90 135.06 133.60 131.76 130.30 128.46 127.00 125.21 126.53 122.14 119.52 9999.0 9999.0 9999.0 9999.0 9999.0 
9999.0 9999.0 9999.0 9999.0 9999.0 9999.0 9999.0 9999.0 9999.0 9999.0 9999.0 9999.0 9999.0 9999.0 9999.0 9999.0 9999.0 9999.0 
9999.0 9999.0 9999.0 9999.0 9999.0 9999.0 9999.0 9999.0 9999.0 9999.0 9999.0 9999.0 9999.0 9999.0 9999.0 9999.0 9999.0 9999.0 
9999.0 9999.0 9999.0 9999.0 9999.0 9999.0 9999.0 9999.0 9999.0 9999.0 9999.0 9999.0 9999.0 9999.0 9999.0 9999.0 9999.0 9999.0 
9999.0 9999.0 9999.0 9999.0 9999.0 9999.0 9999.0 9999.0 9999.0 9999.0 9999.0 9999.0 9999.0 9999.0 9999.0 9999.0 9999.0 9999.0 
9999.0 9999.0 38.33 32.59 36.84 26.67 27.06 35.67 33.74 38.55 48.68 59.02 59.52 9999.0 9999.0 9999.0 9999.0 9999.0 
9999.0 9999.0 42.94 38.52 36.51 31.85 32.36 38.04 32.98 37.67 54.56 56.92 55.15 9999.0 9999.0 9999.0 9999.0 9999.0 
9999.0 9999.0 56.57 45.11 32.04 34.25 37.02 33.06 37.83 40.39 51.85 52.92 62.44 65.98 9999.0 9999.0 9999.0 9999.0 
9999.0 9999.0 50.01 41.28 35.15 30.55 47.85 40.86 34.08 44.70 54.13 59.22 59.76 9999.0 9999.0 9999.0 9999.0 9999.0 
9999.0 9999.0 68.93 66.27 67.04 72.57 61.93 70.92 79.57 95.29 77.50 84.04 65.81 9999.0 9999.0 9999.0 9999.0 9999.0 
9999.0 9999.0 70.98 74.98 96.84 93.17 87.74 97.82 95.29 102.13 100.24 95.05 69.88 9999.0 9999.0 9999.0 9999.0 9999.0 
9999.0 9999.0 92.62 83.00 97.12 91.53 88.80 110.36 99.39 106.71 103.16 87.62 109.07 9999.0 9999.0 9999.0 9999.0 9999.0 
9999.0 9999.0 90.07 96.02 90.57 100.42 90.78 95.87 102.11 103.63 103.23 103.50 68.92 9999.0 9999.0 9999.0 9999.0 9999.0 
9999.0 9999.0 91.74 101.55 122.97 99.11 102.31 120.38 102.50 115.30 77.74 99.40 72.54 9999.0 9999.0 9999.0 9999.0 9999.0 
9999.0 9999.0 114.66 101.18 129.79 118.64 118.46 135.57 101.54 120.25 112.76 104.27 75.20 9999.0 9999.0 9999.0 9999.0 9999.0 
9999.0 9999.0 106.91 111.17 113.44 131.26 121.34 114.43 119.07 104.11 107.76 106.01 80.05 9999.0 9999.0 9999.0 9999.0 9999.0 
9999.0 9999.0 116.08 111.74 134.36 129.39 134.33 138.11 117.90 115.99 104.64 103.65 79.48 9999.0 9999.0 9999.0 9999.0 9999.0 
9999.0 9999.0 133.09 126.08 131.47 134.88 138.93 150.24 118.58 121.75 115.66 103.89 88.02 86.70 9999.0 9999.0 9999.0 9999.0 
9999.0 9999.0 108.84 134.12 150.53 152.78 130.02 119.55 127.56 129.99 113.91 116.61 89.26 9999.0 9999.0 9999.0 9999.0 9999.0 
9999.0 9999.0 138.58 128.00 154.72 143.59 142.65 159.27 129.36 130.19 128.52 107.44 88.61 9999.0 9999.0 9999.0 9999.0 9999.0 
9999.0 9999.0 139.78 138.20 136.21 158.49 135.41 137.97 128.71 120.67 114.68 119.50 88.65 9999.0 9999.0 9999.0 9999.0 9999.0 
9999.0 9999.0 134.99 136.61 163.60 161.36 148.28 148.81 127.93 133.87 112.21 118.50 90.26 9999.0 9999.0 9999.0 9999.0 9999.0 
9999.0 9999.0 153.99 134.59 168.95 157.00 153.13 165.58 121.17 130.37 133.82 114.54 99.05 9999.0 9999.0 9999.0 9999.0 9999.0 
9999.0 9999.0 141.89 154.61 148.56 176.94 147.58 151.08 146.11 136.11 128.12 124.22 99.08 9999.0 9999.0 9999.0 9999.0 9999.0 
9999.0 9999.0 153.90 154.76 159.86 157.49 154.99 149.43 137.63 132.36 117.53 124.55 100.24 9999.0 9999.0 9999.0 9999.0 9999.0 
9999.0 9999.0 174.41 163.05 165.79 170.01 152.84 161.73 137.92 139.52 136.29 128.12 105.13 99.89 9999.0 9999.0 9999.0 9999.0 
9999.0 9999.0 165.07 165.54 193.19 188.61 158.55 167.24 145.55 140.09 137.59 128.96 107.44 104.81 9999.0 9999.0 9999.0 9999.0 
9999.0 9999.0 172.12 170.92 196.65 181.81 162.21 173.30 143.77 144.20 141.33 130.47 137.19 103.37 9999.0 9999.0 9999.0 9999.0 
9999.0 9999.0 185.58 177.78 185.08 180.69 159.27 159.77 145.32 145.35 140.33 129.82 108.71 9999.0 9999.0 9999.0 9999.0 9999.0 
9999.0 9999.0 166.43 163.07 153.08 144.47 136.94 128.53 128.72 127.45 120.00 115.17 107.60 9999.0 9999.0 9999.0 9999.0 9999.0 
9999.0 9999.0 171.56 157.52 154.51 145.51 139.78 135.52 129.42 123.13 115.96 118.04 114.24 9999.0 9999.0 9999.0 9999.0 9999.0 
9999.0 9999.0 160.37 152.41 154.05 149.73 146.99 138.69 134.72 135.43 128.01 128.23 119.64 9999.0 9999.0 9999.0 9999.0 9999.0 
9999.0 9999.0 141.73 142.31 144.15 139.62 140.78 132.54 125.31 124.76 123.70 127.56 123.13 116.37 9999.0 9999.0 9999.0 9999.0 
9999.0 9999.0 9999.0 9999.0 9999.0 9999.0 9999.0 9999.0 9999.0 9999.0 9999.0 9999.0 9999.0 9999.0 9999.0 9999.0 9999.0 9999.0 
9999.0 9999.0 9999.0 9999.0 9999.0 9999.0 9999.0 9999.0 9999.0 9999.0 9999.0 9999.0 9999.0 9999.0 9999.0 9999.0 9999.0 9999.0 
9999.0 9999.0 9999.0 9999.0 9999.0 9999.0 9999.0 9999.0 9999.0 9999.0 9999.0 9999.0 9999.0 9999.0 9999.0 9999.0 9999.0 9999.0 
9999.0 9999.0 9999.0 9999.0 9999.0 9999.0 9999.0 9999.0 9999.0 9999.0 9999.0 9999.0 9999.0 9999.0 9999.0 9999.0 9999.0 9999.0 
9999.0 9999.0 43.08 39.80 28.89 31.35 45.88 36.59 33.74 48.42 52.44 61.93 59.31 9999.0 9999.0 9999.0 9999.0 9999.0 
9999.0 9999.0 51.52 39.05 37.80 32.15 35.66 34.27 32.07 40.44 47.81 53.96 56.82 9999.0 9999.0 9999.0 9999.0 9999.0 
9999.0 9999.0 51.20 44.47 38.01 36.66 39.01 38.59 38.62 39.05 53.06 46.14 58.41 9999.0 9999.0 9999.0 9999.0 9999.0 
9999.0 9999.0 50.10 49.55 41.91 33.12 39.28 45.41 36.59 52.30 52.21 54.91 55.31 9999.0 9999.0 9999.0 9999.0 9999.0 
9999.0 9999.0 65.64 50.38 40.39 62.14 74.90 68.94 67.67 93.34 71.13 62.26 62.91 9999.0 9999.0 9999.0 9999.0 9999.0 
9999.0 9999.0 62.89 60.86 48.70 63.67 71.37 63.37 80.62 87.91 85.36 66.30 62.85 9999.0 9999.0 9999.0 9999.0 9999.0 
9999.0 9999.0 69.00 62.29 62.23 71.92 77.60 75.52 63.61 93.23 85.50 67.46 63.99 9999.0 9999.0 9999.0 9999.0 9999.0 
9999.0 9999.0 74.94 88.51 65.93 92.57 98.97 102.07 96.72 101.27 94.72 102.01 72.77 9999.0 9999.0 9999.0 9999.0 9999.0 
9999.0 9999.0 64.84 79.38 85.54 84.15 97.05 98.86 89.56 96.89 92.54 84.51 70.68 9999.0 9999.0 9999.0 9999.0 9999.0 
9999.0 9999.0 81.32 77.61 74.62 88.56 99.93 105.36 90.51 106.62 96.44 72.43 78.31 9999.0 9999.0 9999.0 9999.0 9999.0 
9999.0 9999.0 83.19 84.89 87.98 118.30 124.36 125.01 122.44 103.36 97.83 79.03 74.11 9999.0 9999.0 9999.0 9999.0 9999.0 
9999.0 9999.0 83.09 103.31 93.92 103.53 129.95 105.78 107.46 113.92 89.84 87.87 77.13 9999.0 9999.0 9999.0 9999.0 9999.0 
9999.0 9999.0 96.44 110.20 103.37 117.13 135.51 132.13 98.60 112.75 113.35 94.22 84.32 9999.0 9999.0 9999.0 9999.0 9999.0 
9999.0 9999.0 93.36 97.01 105.51 131.38 127.41 138.72 115.83 113.16 103.28 91.61 84.97 9999.0 9999.0 9999.0 9999.0 9999.0 
9999.0 9999.0 101.90 109.37 104.07 127.97 140.73 125.16 108.44 115.11 107.57 90.81 84.58 9999.0 9999.0 9999.0 9999.0 9999.0 
9999.0 9999.0 118.78 126.12 106.61 138.79 142.99 149.26 122.27 121.39 113.31 119.52 89.67 9999.0 9999.0 9999.0 9999.0 9999.0 
9999.0 9999.0 110.93 124.50 131.50 138.53 145.42 142.01 121.03 125.41 92.86 97.14 90.65 9999.0 9999.0 9999.0 9999.0 9999.0 
9999.0 9999.0 127.37 125.95 111.66 149.34 150.03 147.34 115.93 121.99 118.20 96.06 92.00 9999.0 9999.0 9999.0 9999.0 9999.0 
9999.0 9999.0 127.43 128.01 126.05 145.62 144.21 151.73 148.91 123.74 116.59 106.04 94.65 9999.0 9999.0 9999.0 9999.0 9999.0 
9999.0 9999.0 129.08 148.36 134.38 145.10 159.53 141.74 123.16 129.90 111.97 102.28 95.31 9999.0 9999.0 9999.0 9999.0 9999.0 
9999.0 9999.0 145.85 150.02 146.25 154.05 162.53 160.62 125.97 139.12 127.37 123.66 99.04 9999.0 9999.0 9999.0 9999.0 9999.0 
9999.0 9999.0 134.37 156.54 137.48 166.05 152.70 154.39 129.82 133.87 123.77 109.25 100.35 9999.0 9999.0 9999.0 9999.0 9999.0 
9999.0 9999.0 146.77 152.79 149.18 157.36 157.22 148.66 128.22 134.88 126.00 112.38 103.84 9999.0 9999.0 9999.0 9999.0 9999.0 
9999.0 9999.0 159.85 164.56 153.85 173.21 168.14 167.82 138.00 144.67 137.36 113.08 105.86 9999.0 9999.0 9999.0 9999.0 9999.0 
9999.0 9999.0 156.67 153.75 161.70 150.40 139.66 149.52 133.21 130.09 117.82 113.56 109.01 9999.0 9999.0 9999.0 9999.0 9999.0 
9999.0 9999.0 162.72 156.17 154.10 146.56 150.09 129.34 123.93 119.74 117.38 112.54 115.69 9999.0 9999.0 9999.0 9999.0 9999.0 
9999.0 9999.0 152.93 160.97 151.38 151.64 140.34 135.20 131.71 130.23 118.50 124.65 116.73 9999.0 9999.0 9999.0 9999.0 9999.0 
9999.0 9999.0 145.46 136.75 143.63 138.54 140.41 138.25 127.91 129.48 124.02 122.14 118.99 9999.0 9999.0 9999.0 9999.0 9999.0 
9999.0 9999.0 9999.0 9999.0 9999.0 9999.0 9999.0 9999.0 9999.0 9999.0 9999.0 9999.0 9999.0 9999.0 9999.0 9999.0 9999.0 9999.0 
9999.0 9999.0 9999.0 9999.0 9999.0 9999.0 9999.0 9999.0 9999.0 9999.0 9999.0 9999.0 9999.0 9999.0 9999.0 9999.0 9999.0 9999.0 
9999.0 9999.0 9999.0 9999.0 9999.0 9999.0 9999.0 9999.0 9999.0 9999.0 9999.0 9999.0 9999.0 9999.0 9999.0 9999.0 9999.0 9999.0 
9999.0 9999.0 9999.0 9999.0 9999.0 9999.0 9999.0 9999.0 9999.0 9999.0 9999.0 9999.0 9999.0 9999.0 9999.0 9999.0 9999.0 9999.0 
9999.0 9999.0 46.09 51.30 42.17 43.02 73.27 40.09 57.92 67.23 58.14 73.02 52.00 9999.0 9999.0 9999.0 9999.0 9999.0 
9999.0 9999.0 56.85 50.88 44.05 36.65 41.44 43.08 42.78 45.33 52.84 50.18 59.50 9999.0 9999.0 9999.0 9999.0 9999.0 
9999.0 9999.0 47.78 48.04 35.93 40.19 41.48 41.55 43.39 44.18 48.58 54.82 51.67 9999.0 9999.0 9999.0 9999.0 9999.0 
9999.0 9999.0 49.77 49.67 46.44 43.97 62.77 47.85 69.47 74.43 60.31 60.40 54.49 9999.0 9999.0 9999.0 9999.0 9999.0 
9999.0 9999.0 56.28 75.53 40.54 56.85 89.30 69.59 92.67 93.66 73.87 58.95 60.51 9999.0 9999.0 9999.0 9999.0 9999.0 
9999.0 9999.0 48.75 47.36 38.84 49.52 79.43 47.09 90.21 85.54 63.89 62.18 9999.0 9999.0 9999.0 9999.0 9999.0 9999.0 
9999.0 9999.0 58.78 64.80 57.83 61.95 84.93 70.10 78.51 98.47 70.49 59.43 66.54 9999.0 9999.0 9999.0 9999.0 9999.0 
9999.0 9999.0 58.20 91.32 63.09 80.43 92.20 70.82 110.09 87.78 90.62 106.36 64.35 9999.0 9999.0 9999.0 9999.0 9999.0 
9999.0 9999.0 65.22 72.29 68.26 89.30 102.87 75.32 106.96 99.50 73.22 78.28 69.22 9999.0 9999.0 9999.0 9999.0 9999.0 
9999.0 9999.0 65.12 80.00 91.21 75.63 126.49 97.68 110.73 102.29 95.41 70.87 74.78 9999.0 9999.0 9999.0 9999.0 9999.0 
9999.0 9999.0 74.89 83.18 74.19 114.60 109.05 91.15 124.84 102.66 86.04 77.97 72.46 9999.0 9999.0 9999.0 9999.0 9999.0 
9999.0 9999.0 78.88 97.71 96.68 87.59 130.02 103.82 114.36 117.22 81.87 77.45 79.71 9999.0 9999.0 9999.0 9999.0 9999.0 
9999.0 9999.0 81.16 114.67 91.01 108.56 135.47 123.04 129.26 123.87 95.54 84.13 80.13 9999.0 9999.0 9999.0 9999.0 9999.0 
9999.0 9999.0 86.49 111.19 94.15 119.86 130.46 120.70 122.24 109.71 85.70 85.70 79.00 9999.0 9999.0 9999.0 9999.0 9999.0 
9999.0 9999.0 94.19 113.61 114.88 103.77 147.96 128.78 114.43 121.04 92.64 79.99 88.60 9999.0 9999.0 9999.0 9999.0 9999.0 
9999.0 9999.0 101.42 132.30 100.30 130.70 151.59 142.94 132.42 117.23 107.86 96.05 84.62 9999.0 9999.0 9999.0 9999.0 9999.0 
9999.0 9999.0 107.04 117.71 103.19 137.97 155.73 120.56 127.51 123.30 92.88 88.76 85.55 9999.0 9999.0 9999.0 9999.0 9999.0 
9999.0 9999.0 114.84 139.34 132.58 113.32 166.98 149.23 129.86 124.58 115.45 91.75 94.68 9999.0 9999.0 9999.0 9999.0 9999.0 
9999.0 9999.0 119.24 120.70 109.07 145.70 142.89 129.68 143.66 110.28 118.88 97.73 88.85 9999.0 9999.0 9999.0 9999.0 9999.0 
9999.0 9999.0 123.16 130.90 135.97 122.75 158.79 132.07 137.76 131.47 102.65 98.39 93.43 9999.0 9999.0 9999.0 9999.0 9999.0 
9999.0 9999.0 128.08 150.29 128.17 148.23 169.01 162.41 143.26 144.23 120.45 99.42 97.62 9999.0 9999.0 9999.0 9999.0 9999.0 
9999.0 9999.0 133.21 145.25 128.29 147.53 155.76 135.73 139.10 132.00 104.91 104.50 97.14 9999.0 9999.0 9999.0 9999.0 9999.0 
9999.0 9999.0 137.09 154.94 157.05 148.39 167.53 149.01 129.13 136.02 114.39 99.56 104.34 9999.0 9999.0 9999.0 9999.0 9999.0 
9999.0 9999.0 146.58 174.44 155.60 175.39 176.31 154.42 149.40 131.16 132.25 125.05 104.45 9999.0 9999.0 9999.0 9999.0 9999.0 
9999.0 9999.0 148.66 160.31 148.35 142.90 147.11 131.90 120.42 127.49 110.35 112.88 108.20 9999.0 9999.0 9999.0 9999.0 9999.0 
9999.0 9999.0 155.47 154.03 152.22 148.89 156.71 138.00 125.41 122.88 117.37 108.55 112.82 9999.0 9999.0 9999.0 9999.0 9999.0 
9999.0 9999.0 152.45 157.10 151.85 162.35 154.38 137.28 137.69 130.77 119.37 125.62 113.16 9999.0 9999.0 9999.0 9999.0 9999.0 
9999.0 9999.0 139.90 141.84 146.02 147.95 147.86 135.28 120.91 134.42 111.88 122.14 122.20 9999.0 9999.0 9999.0 9999.0 9999.0 
9999.0 9999.0 9999.0 9999.0 9999.0 9999.0 9999.0 9999.0 9999.0 9999.0 9999.0 9999.0 9999.0 9999.0 9999.0 9999.0 9999.0 9999.0 
9999.0 9999.0 9999.0 9999.0 9999.0 9999.0 9999.0 9999.0 9999.0 9999.0 9999.0 9999.0 9999.0 9999.0 9999.0 9999.0 9999.0 9999.0 
9999.0 9999.0 9999.0 9999.0 9999.0 9999.0 9999.0 9999.0 9999.0 9999.0 9999.0 9999.0 9999.0 9999.0 9999.0 9999.0 9999.0 9999.0 
9999.0 9999.0 9999.0 9999.0 9999.0 9999.0 9999.0 9999.0 9999.0 9999.0 9999.0 9999.0 9999.0 9999.0 9999.0 9999.0 9999.0 9999.0 
9999.0 9999.0 54.50 52.93 43.09 47.75 75.68 50.60 57.24 65.70 64.92 60.35 60.65 9999.0 9999.0 9999.0 9999.0 9999.0 
9999.0 9999.0 57.10 51.53 43.59 41.23 54.63 52.22 48.22 47.52 60.72 63.00 56.16 9999.0 9999.0 9999.0 9999.0 9999.0 
9999.0 9999.0 50.10 51.51 41.14 40.06 56.63 42.98 53.62 46.41 47.77 59.37 54.86 9999.0 9999.0 9999.0 9999.0 9999.0 
9999.0 9999.0 56.44 43.51 47.65 48.03 61.99 74.16 63.36 93.25 61.07 53.43 53.25 9999.0 9999.0 9999.0 9999.0 9999.0 
9999.0 9999.0 55.18 48.36 48.89 62.09 70.32 74.37 65.83 73.15 77.71 54.60 62.69 9999.0 9999.0 9999.0 9999.0 9999.0 
9999.0 9999.0 54.65 49.24 58.38 63.97 86.52 69.08 95.88 92.10 59.04 62.24 59.91 9999.0 9999.0 9999.0 9999.0 9999.0 
9999.0 9999.0 59.41 44.74 56.54 69.20 88.56 82.75 86.65 99.17 85.63 63.39 9999.0 9999.0 9999.0 9999.0 9999.0 9999.0 
9999.0 9999.0 54.83 59.85 54.33 66.34 79.44 71.28 95.09 92.09 94.52 69.71 67.46 9999.0 9999.0 9999.0 9999.0 9999.0 
9999.0 9999.0 58.77 63.19 76.58 80.61 114.62 87.05 113.23 104.12 68.56 69.69 71.41 9999.0 9999.0 9999.0 9999.0 9999.0 
9999.0 9999.0 66.82 63.54 73.42 83.85 101.40 98.01 108.91 104.11 88.29 72.63 70.96 9999.0 9999.0 9999.0 9999.0 9999.0 
9999.0 9999.0 70.52 70.17 74.11 94.44 118.90 101.12 125.57 107.72 91.04 74.17 74.86 9999.0 9999.0 9999.0 9999.0 9999.0 
9999.0 9999.0 77.12 74.20 94.34 92.64 133.35 130.90 122.90 124.27 88.01 78.61 78.62 9999.0 9999.0 9999.0 9999.0 9999.0 
9999.0 9999.0 85.52 83.68 92.42 96.77 117.88 121.49 117.11 105.16 102.53 82.49 85.33 9999.0 9999.0 9999.0 9999.0 9999.0 
9999.0 9999.0 89.30 90.33 102.59 96.71 145.07 113.76 134.87 117.39 84.26 84.19 81.76 9999.0 9999.0 9999.0 9999.0 9999.0 
9999.0 9999.0 93.73 92.34 105.05 93.93 146.58 151.22 114.33 120.41 101.38 83.46 85.94 9999.0 9999.0 9999.0 9999.0 9999.0 
9999.0 9999.0 100.52 102.58 97.22 103.99 148.93 142.42 135.99 121.46 112.00 89.12 86.70 9999.0 9999.0 9999.0 9999.0 9999.0 
9999.0 9999.0 107.24 104.94 121.96 117.71 167.59 123.96 145.24 131.59 90.03 89.91 91.40 9999.0 9999.0 9999.0 9999.0 9999.0 
9999.0 9999.0 113.57 111.33 120.79 124.53 158.86 153.66 131.41 123.58 109.01 90.84 91.45 9999.0 9999.0 9999.0 9999.0 9999.0 
9999.0 9999.0 116.16 121.10 108.61 138.98 156.69 147.38 147.01 124.04 114.64 96.17 91.45 9999.0 9999.0 9999.0 9999.0 9999.0 
9999.0 9999.0 122.78 115.14 150.68 126.87 176.49 156.41 141.56 143.36 97.75 94.30 95.23 9999.0 9999.0 9999.0 9999.0 9999.0 
9999.0 9999.0 127.20 126.55 129.47 142.85 160.28 159.52 130.56 121.55 119.10 99.08 97.88 9999.0 9999.0 9999.0 9999.0 9999.0 
9999.0 9999.0 130.23 132.92 146.13 147.27 168.62 132.85 150.04 136.96 101.65 101.29 99.40 9999.0 9999.0 9999.0 9999.0 9999.0 
9999.0 9999.0 138.39 134.19 154.88 152.83 172.29 161.84 140.80 135.00 119.99 99.63 102.71 9999.0 9999.0 9999.0 9999.0 9999.0 
9999.0 9999.0 146.37 144.01 146.65 145.27 163.84 155.97 148.64 131.17 126.32 105.62 106.03 9999.0 9999.0 9999.0 9999.0 9999.0 
9999.0 9999.0 151.11 151.14 151.92 151.02 149.73 131.31 126.42 118.58 107.07 110.75 107.90 9999.0 9999.0 9999.0 9999.0 9999.0 
9999.0 9999.0 155.60 146.04 153.69 154.98 167.88 144.61 128.84 134.98 120.02 111.66 111.91 9999.0 9999.0 9999.0 9999.0 9999.0 
9999.0 9999.0 144.05 162.20 161.12 148.10 158.55 143.55 140.33 140.00 121.80 129.56 117.75 9999.0 9999.0 9999.0 9999.0 9999.0 
9999.0 9999.0 149.37 155.18 156.74 153.07 149.68 138.85 127.23 129.14 117.24 115.84 127.08 9999.0 9999.0 9999.0 9999.0 9999.0 
9999.0 9999.0 9999.0 9999.0 9999.0 9999.0 9999.0 9999.0 9999.0 9999.0 9999.0 9999.0 9999.0 9999.0 9999.0 9999.0 9999.0 9999.0 
9999.0 9999.0 9999.0 9999.0 9999.0 9999.0 9999.0 9999.0 9999.0 9999.0 9999.0 9999.0 9999.0 9999.0 9999.0 9999.0 9999.0 9999.0 
9999.0 9999.0 9999.0 9999.0 9999.0 9999.0 9999.0 9999.0 9999.0 9999.0 9999.0 9999.0 9999.0 9999.0 9999.0 9999.0 9999.0 9999.0 
9999.0 9999.0 9999.0 9999.0 9999.0 9999.0 9999.0 9999.0 9999.0 9999.0 9999.0 9999.0 9999.0 9999.0 9999.0 9999.0 9999.0 9999.0 
9999.0 9999.0 63.97 56.10 56.50 62.56 61.71 53.98 61.60 68.08 78.70 63.98 59.68 9999.0 9999.0 9999.0 9999.0 9999.0 
9999.0 9999.0 59.05 49.61 46.55 50.18 65.89 55.41 64.71 68.47 66.62 60.86 58.48 9999.0 9999.0 9999.0 9999.0 9999.0 
9999.0 9999.0 56.67 47.40 46.64 57.69 77.98 65.37 92.70 94.61 89.12 57.31 57.97 9999.0 9999.0 9999.0 9999.0 9999.0 
9999.0 9999.0 53.30 51.62 46.28 49.55 89.36 80.65 82.40 91.60 67.93 56.73 58.37 9999.0 9999.0 9999.0 9999.0 9999.0 
9999.0 9999.0 53.99 46.45 45.95 67.73 67.65 66.94 75.13 70.90 64.04 57.80 57.51 9999.0 9999.0 9999.0 9999.0 9999.0 
9999.0 9999.0 58.67 56.65 49.21 69.56 90.91 86.68 109.44 104.23 64.92 59.45 60.81 9999.0 9999.0 9999.0 9999.0 9999.0 
9999.0 9999.0 54.88 56.54 52.58 73.10 82.64 83.81 79.61 100.43 93.26 68.02 66.74 9999.0 9999.0 9999.0 9999.0 9999.0 
9999.0 9999.0 52.05 52.24 46.80 77.32 90.19 76.65 113.30 89.83 92.51 64.83 63.95 9999.0 9999.0 9999.0 9999.0 9999.0 
9999.0 9999.0 61.55 59.17 54.07 78.75 127.11 116.17 134.52 131.21 104.19 70.18 69.16 9999.0 9999.0 9999.0 9999.0 9999.0 
9999.0 9999.0 69.71 66.55 62.81 79.87 100.24 96.64 103.86 105.94 88.76 69.92 74.83 9999.0 9999.0 9999.0 9999.0 9999.0 
9999.0 9999.0 67.37 70.74 66.34 88.23 115.66 112.26 156.40 104.52 77.32 75.04 74.87 9999.0 9999.0 9999.0 9999.0 9999.0 
9999.0 9999.0 76.31 76.74 74.90 95.73 133.61 137.76 148.04 134.39 115.34 77.39 78.84 9999.0 9999.0 9999.0 9999.0 9999.0 
9999.0 9999.0 83.48 82.01 80.73 85.36 119.76 117.26 129.94 102.15 104.40 75.79 80.07 9999.0 9999.0 9999.0 9999.0 9999.0 
9999.0 9999.0 84.47 89.16 88.22 93.74 145.84 152.08 151.95 140.17 116.89 82.17 82.17 9999.0 9999.0 9999.0 9999.0 9999.0 
9999.0 9999.0 91.67 95.62 95.42 102.79 137.75 155.78 137.73 135.16 112.16 85.94 85.31 9999.0 9999.0 9999.0 9999.0 9999.0 
9999.0 9999.0 94.14 100.82 100.58 121.21 142.67 138.48 152.20 114.16 108.43 82.34 84.33 88.53 9999.0 9999.0 9999.0 9999.0 
9999.0 9999.0 102.03 108.05 105.29 110.03 167.59 155.52 172.28 158.73 115.00 87.03 90.26 9999.0 9999.0 9999.0 9999.0 9999.0 
9999.0 9999.0 111.71 115.10 113.84 125.45 137.68 157.35 143.51 127.07 113.83 89.98 91.77 9999.0 9999.0 9999.0 9999.0 9999.0 
9999.0 9999.0 110.01 117.38 113.09 159.19 159.94 163.09 177.33 123.00 96.64 90.91 91.81 9999.0 9999.0 9999.0 9999.0 9999.0 
9999.0 9999.0 118.62 120.70 118.73 155.22 177.13 180.57 165.70 147.39 129.17 96.10 94.84 9999.0 9999.0 9999.0 9999.0 9999.0 
9999.0 9999.0 128.38 124.30 124.34 141.94 159.06 160.94 145.13 120.37 118.61 93.93 98.05 9999.0 9999.0 9999.0 9999.0 9999.0 
9999.0 9999.0 129.41 132.48 130.83 148.49 176.57 171.13 172.14 145.16 114.46 99.13 99.64 9999.0 9999.0 9999.0 9999.0 9999.0 
9999.0 9999.0 138.16 137.75 134.66 146.88 169.80 160.62 154.40 136.75 124.52 103.95 103.34 101.99 9999.0 9999.0 9999.0 9999.0 
9999.0 9999.0 143.02 140.09 137.45 143.75 165.79 159.11 175.33 131.09 125.31 103.26 101.77 106.55 9999.0 9999.0 9999.0 9999.0 
9999.0 9999.0 150.74 147.27 146.58 159.23 201.73 179.75 170.17 166.50 110.96 106.14 107.72 106.85 9999.0 9999.0 9999.0 9999.0 
9999.0 9999.0 152.14 153.64 158.40 176.04 156.08 153.14 160.18 132.74 130.43 110.20 113.97 9999.0 9999.0 9999.0 9999.0 9999.0 
9999.0 9999.0 151.96 166.17 165.64 175.52 166.98 140.31 150.68 142.69 124.83 120.21 119.50 9999.0 9999.0 9999.0 9999.0 9999.0 
9999.0 9999.0 155.44 164.43 164.34 166.25 157.52 141.96 141.36 138.51 128.04 119.05 121.98 9999.0 9999.0 9999.0 9999.0 9999.0 
9999.0 9999.0 9999.0 9999.0 9999.0 9999.0 9999.0 9999.0 9999.0 9999.0 9999.0 9999.0 9999.0 9999.0 9999.0 9999.0 9999.0 9999.0 
9999.0 9999.0 9999.0 9999.0 9999.0 9999.0 9999.0 9999.0 9999.0 9999.0 9999.0 9999.0 9999.0 9999.0 9999.0 9999.0 9999.0 9999.0 
