num_regions: 84
region0: [[1.98138, 0.197901, -0.811142], [1.60082, 0.197901, -0.687952], [1.61862, -0.197901, -0.632958], [1.99918, -0.197901, -0.756148]]
region1: [[1.59375, 0.199557, -0.765129], [1.20115, 0.199557, -0.688553], [1.20625, -0.199557, -0.662439], [1.59885, -0.199557, -0.739015]]
region2: [[1.20008, 0.197539, -0.778954], [0.818867, 0.197539, -0.657803], [0.799921, -0.197539, -0.717418], [1.18113, -0.197539, -0.838568]]
region3: [[0.796963, 0.199681, -0.796183], [0.40018, 0.199681, -0.745558], [0.403037, -0.199681, -0.723169], [0.79982, -0.199681, -0.773794]]
region4: [[0.389128, 0.192766, -0.709116], [-0.00589412, 0.192766, -0.772022], [0.0108716, -0.192766, -0.877303], [0.405894, -0.192766, -0.814397]]
region5: [[-0.0278993, 0.190104, -0.853925], [-0.409427, 0.190104, -0.733772], [-0.372101, -0.190104, -0.615248], [0.00942691, -0.190104, -0.735401]]
region6: [[1.99708, 0.592722, -0.643143], [1.59758, 0.592722, -0.663148], [1.60292, 0.207278, -0.769937], [2.00242, 0.207278, -0.749932]]
region7: [[1.58294, 0.597021, -0.810668], [1.19823, 0.597021, -0.701143], [1.21706, 0.202979, -0.634989], [1.60177, 0.202979, -0.744513]]
region8: [[1.19503, 0.599841, -0.817855], [0.802005, 0.599841, -0.74347], [0.804972, 0.200159, -0.727796], [1.19799, 0.200159, -0.802181]]
region9: [[0.800125, 0.597398, -0.695067], [0.419794, 0.597398, -0.818955], [0.399875, 0.202602, -0.757802], [0.780206, 0.202602, -0.633914]]
region10: [[0.399397, 0.599998, -0.779946], [0.000489131, 0.599999, -0.809489], [0.000603393, 0.200002, -0.811032], [0.399511, 0.200002, -0.781489]]
region11: [[-0.00152712, 0.599743, -0.734786], [-0.400153, 0.599743, -0.701657], [-0.398473, 0.200257, -0.681442], [0.000152871, 0.200257, -0.714571]]
region12: [[2.00118, 0.99849, -0.807757], [1.60749, 0.99849, -0.736997], [1.59882, 0.60151, -0.785281], [1.99251, 0.60151, -0.856041]]
region13: [[1.59896, 0.999997, -0.76234], [1.20083, 0.999997, -0.723665], [1.20104, 0.600003, -0.721551], [1.59917, 0.600003, -0.760226]]
region14: [[1.20022, 0.999742, -0.747053], [0.800402, 0.999742, -0.759222], [0.799784, 0.600258, -0.738921], [1.1996, 0.600258, -0.726752]]
region15: [[0.808597, 0.988274, -0.710839], [0.414497, 0.988274, -0.642388], [0.391403, 0.611726, -0.775347], [0.785503, 0.611726, -0.843799]]
region16: [[0.399126, 0.997341, -0.665898], [0.0229905, 0.997341, -0.801993], [0.00087361, 0.602659, -0.740866], [0.37701, 0.602659, -0.604772]]
region17: [[-0.0280723, 0.990243, -0.834588], [-0.409296, 0.990243, -0.713473], [-0.371928, 0.609757, -0.595852], [0.00929582, 0.609757, -0.716966]]
region18: [[2.0056, 1.39031, -0.671343], [1.60808, 1.39031, -0.626847], [1.5944, 1.00969, -0.749084], [1.99192, 1.00969, -0.79358]]
region19: [[1.59703, 1.39527, -0.822984], [1.19776, 1.39527, -0.798861], [1.20297, 1.00473, -0.71253], [1.60224, 1.00473, -0.736654]]
region20: [[1.20475, 1.39513, -0.801152], [0.813533, 1.39513, -0.884506], [0.795248, 1.00487, -0.798687], [1.18647, 1.00487, -0.715332]]
region21: [[0.794685, 1.39912, -0.698626], [0.399503, 1.39912, -0.760526], [0.405315, 1.00088, -0.797634], [0.800497, 1.00088, -0.735734]]
region22: [[0.401639, 1.39833, -0.729758], [0.00550938, 1.39833, -0.785268], [-0.00163889, 1.00167, -0.734257], [0.394491, 1.00167, -0.678747]]
region23: [[-0.00182278, 1.39273, -0.713875], [-0.401616, 1.39273, -0.726744], [-0.398177, 1.00727, -0.833559], [0.00161566, 1.00727, -0.820689]]
region24: [[2.0055, 1.79374, -0.804774], [1.62549, 1.79374, -0.67991], [1.5945, 1.40626, -0.774227], [1.97451, 1.40626, -0.89909]]
region25: [[1.59969, 1.79998, -0.748038], [1.20073, 1.79998, -0.776892], [1.20031, 1.40002, -0.771101], [1.59927, 1.40002, -0.742247]]
region26: [[1.19467, 1.79521, -0.694024], [0.796661, 1.79521, -0.73387], [0.805329, 1.40479, -0.820449], [1.20334, 1.40479, -0.780603]]
region27: [[0.798899, 1.79747, -0.792952], [0.399098, 1.79747, -0.780319], [0.401101, 1.40253, -0.716933], [0.800902, 1.40253, -0.729567]]
region28: [[0.395362, 1.7996, -0.665608], [0.0118534, 1.7996, -0.779278], [0.00463752, 1.4004, -0.754932], [0.388147, 1.4004, -0.641262]]
region29: [[0.000596568, 1.79636, -0.758925], [-0.39935, 1.79636, -0.752363], [-0.400597, 1.40364, -0.828363], [-0.000650361, 1.40364, -0.834925]]
region30: [[1.99389, 2.19911, -0.68559], [1.5997, 2.19911, -0.753529], [1.60611, 1.80089, -0.790753], [2.0003, 1.80089, -0.722814]]
region31: [[1.59195, 2.19373, -0.843741], [1.19527, 2.19373, -0.792317], [1.20805, 1.80627, -0.693787], [1.60473, 1.80627, -0.745212]]
region32: [[1.19777, 2.19998, -0.795463], [0.803087, 2.19998, -0.730481], [0.802226, 1.80002, -0.73571], [1.19691, 1.80002, -0.800692]]
region33: [[0.796967, 2.19753, -0.682731], [0.398171, 2.19753, -0.713742], [0.403033, 1.80247, -0.77626], [0.801829, 1.80247, -0.745249]]
region34: [[0.377046, 2.18971, -0.660303], [-0.00955454, 2.18971, -0.762968], [0.0229542, 1.81029, -0.885385], [0.409555, 1.81029, -0.782719]]
region35: [[-0.00065811, 2.19989, -0.786942], [-0.397733, 2.19989, -0.738652], [-0.399342, 1.80011, -0.751885], [-0.00226745, 1.80011, -0.800175]]
region36: [[1.99724, 2.59993, -0.680632], [1.60476, 2.59993, -0.75781], [1.60276, 2.20007, -0.747631], [1.99524, 2.20007, -0.670453]]
region37: [[1.5881, 2.59949, -0.668006], [1.20394, 2.59949, -0.779448], [1.2119, 2.20051, -0.806883], [1.59606, 2.20051, -0.695441]]
region38: [[1.20373, 2.58874, -0.716015], [0.804501, 2.58874, -0.691141], [0.796273, 2.21126, -0.823198], [1.1955, 2.21126, -0.848072]]
region39: [[0.772168, 2.58908, -0.659195], [0.389683, 2.58908, -0.776265], [0.427832, 2.21092, -0.900902], [0.810317, 2.21092, -0.783831]]
region40: [[0.388304, 2.58963, -0.877912], [-0.0072353, 2.58963, -0.818342], [0.0116959, 2.21037, -0.69264], [0.407235, 2.21037, -0.75221]]
region41: [[-0.0123336, 2.59176, -0.657373], [-0.406687, 2.59176, -0.724346], [-0.387666, 2.20824, -0.836344], [0.006687, 2.20824, -0.769371]]
region42: [[2.00151, 2.99744, -0.704813], [1.61482, 2.99744, -0.807123], [1.59849, 2.60256, -0.745399], [1.98518, 2.60256, -0.643089]]
region43: [[1.59929, 2.98978, -0.788847], [1.19931, 2.98978, -0.784426], [1.20071, 2.61022, -0.658176], [1.60069, 2.61022, -0.662597]]
region44: [[1.19914, 2.99977, -0.747101], [0.799773, 2.99977, -0.769503], [0.800855, 2.60023, -0.788803], [1.20023, 2.60023, -0.766402]]
region45: [[0.792347, 2.98884, -0.845278], [0.394382, 2.98884, -0.804982], [0.407652, 2.61116, -0.673926], [0.805618, 2.61116, -0.714222]]
region46: [[0.398845, 2.98808, -0.809415], [-0.00109987, 2.98808, -0.802785], [0.00115483, 2.61192, -0.666783], [0.4011, 2.61192, -0.673413]]
region47: [[0.001224, 2.99842, -0.73943], [-0.392062, 2.99842, -0.66645], [-0.401224, 2.60158, -0.715823], [-0.00793809, 2.60158, -0.788804]]
region48: [[1.98531, 3.39742, -0.668053], [1.59843, 3.39742, -0.769673], [1.61469, 3.00258, -0.831575], [2.00157, 3.00258, -0.729956]]
region49: [[1.5997, 3.39876, -0.751095], [1.21062, 3.39876, -0.843918], [1.2003, 3.00124, -0.800679], [1.58938, 3.00124, -0.707855]]
region50: [[1.19989, 3.39944, -0.718991], [0.804792, 3.39944, -0.781402], [0.800107, 3.00056, -0.751743], [1.19521, 3.00056, -0.689332]]
region51: [[0.790589, 3.39252, -0.879469], [0.39443, 3.39252, -0.82417], [0.409411, 3.00748, -0.716846], [0.80557, 3.00748, -0.772146]]
region52: [[0.402404, 3.39757, -0.732819], [0.0071138, 3.39757, -0.794021], [-0.00240402, 3.00243, -0.732547], [0.392886, 3.00243, -0.671346]]
region53: [[0.000382379, 3.39858, -0.763765], [-0.399558, 3.39858, -0.770695], [-0.400382, 3.00142, -0.723092], [-0.00044246, 3.00142, -0.716162]]
region54: [[1.99574, 3.7977, -0.757224], [1.59794, 3.7977, -0.715336], [1.60426, 3.4023, -0.655228], [2.00206, 3.4023, -0.697117]]
region55: [[1.59904, 3.79955, -0.798051], [1.19958, 3.79955, -0.777365], [1.20096, 3.40045, -0.750676], [1.60042, 3.40045, -0.771362]]
region56: [[1.19855, 3.79999, -0.780783], [0.800986, 3.79999, -0.736727], [0.801447, 3.40001, -0.732567], [1.19901, 3.40001, -0.776622]]
region57: [[0.801806, 3.7968, -0.777881], [0.402555, 3.7968, -0.802344], [0.398194, 3.4032, -0.731178], [0.797445, 3.4032, -0.706715]]
region58: [[0.38432, 3.79359, -0.612799], [-0.00613831, 3.79359, -0.699645], [0.0156799, 3.40641, -0.79774], [0.406138, 3.40641, -0.710894]]
region59: [[0.00339147, 3.79349, -0.832299], [-0.395341, 3.79349, -0.864113], [-0.403391, 3.40651, -0.763218], [-0.00465855, 3.40651, -0.731404]]
region60: [[2.00429, 4.1924, -0.757557], [1.6061, 4.1924, -0.719496], [1.59571, 3.8076, -0.828215], [1.9939, 3.8076, -0.866276]]
region61: [[1.60816, 4.18993, -0.820908], [1.21513, 4.18993, -0.895263], [1.19184, 3.81007, -0.772123], [1.58487, 3.81007, -0.697769]]
region62: [[1.20059, 4.198, -0.793233], [0.813817, 4.198, -0.691219], [0.79941, 3.802, -0.74584], [1.18618, 3.802, -0.847854]]
region63: [[0.806142, 4.19366, -0.765308], [0.417314, 4.19366, -0.671432], [0.393858, 3.80634, -0.768584], [0.782686, 3.80634, -0.86246]]
region64: [[0.393271, 4.18926, -0.691703], [-0.005063, 4.18926, -0.72817], [0.00672878, 3.81074, -0.856973], [0.405063, 3.81074, -0.820505]]
region65: [[-0.0109122, 4.1982, -0.721205], [-0.400966, 4.1982, -0.809851], [-0.389088, 3.8018, -0.862117], [0.000966012, 3.8018, -0.773471]]
region66: [[1.8869, 0.295655, 0.246066], [1.79663, -0.195655, 0.267688], [1.9131, -0.195655, 0.753933], [2.00337, 0.295655, 0.732312]]
region67: [[1.84903, 0.799968, 0.255218], [1.85686, 0.300032, 0.253717], [1.95097, 0.300032, 0.744782], [1.94314, 0.799968, 0.746283]]
region68: [[1.87219, 1.29266, 0.244374], [1.75896, 0.807344, 0.284996], [1.92781, 0.807344, 0.755626], [2.04104, 1.29266, 0.715004]]
region69: [[1.84105, 1.79986, 0.256901], [1.85764, 1.30014, 0.253469], [1.95895, 1.30014, 0.743099], [1.94236, 1.79986, 0.746531]]
region70: [[1.91266, 2.29858, 0.248909], [1.96519, 1.80142, 0.25719], [1.88734, 1.80142, 0.751091], [1.83481, 2.29858, 0.74281]]
region71: [[1.99445, 2.79853, 0.266955], [1.94245, 2.30147, 0.252152], [1.80555, 2.30147, 0.733045], [1.85755, 2.79853, 0.747848]]
region72: [[1.95051, 3.28874, 0.244163], [1.80278, 2.81126, 0.258024], [1.84949, 2.81126, 0.755837], [1.99722, 3.28874, 0.741976]]
region73: [[1.93903, 3.79979, 0.252855], [1.91876, 3.30021, 0.250496], [1.86097, 3.30021, 0.747145], [1.88124, 3.79979, 0.749504]]
region74: [[1.88925, 4.29522, 0.245532], [1.79456, 3.80478, 0.268154], [1.91075, 3.80478, 0.754468], [2.00544, 4.29522, 0.731846]]
region75: [[1.77515, 0.286838, 0.769086], [1.9325, -0.186838, 0.739516], [2.02485, -0.186838, 1.23091], [1.8675, 0.286838, 1.26048]]
region76: [[1.77144, 0.79204, 0.77664], [1.89184, 0.307959, 0.742416], [2.02856, 0.307959, 1.22336], [1.90816, 0.79204, 1.25758]]
region77: [[1.94366, 1.29941, 0.753241], [1.90943, 0.800593, 0.749586], [1.85634, 0.800593, 1.24676], [1.89057, 1.29941, 1.25041]]
region78: [[1.76783, 1.79454, 0.781525], [1.86586, 1.30546, 0.746948], [2.03217, 1.30546, 1.21847], [1.93414, 1.79454, 1.25305]]
region79: [[1.77714, 2.29552, 0.777232], [1.86666, 1.80448, 0.747793], [2.02286, 1.80448, 1.22277], [1.93334, 2.29552, 1.25221]]
region80: [[1.93326, 2.79604, 0.74829], [2.01775, 2.30396, 0.775059], [1.86674, 2.30396, 1.25171], [1.78225, 2.79604, 1.22494]]
region81: [[1.95904, 3.29026, 0.747432], [1.82093, 2.80974, 0.752969], [1.84096, 2.80974, 1.25257], [1.97907, 3.29026, 1.24703]]
region82: [[1.92075, 3.79942, 0.750282], [1.8867, 3.30058, 0.749774], [1.87925, 3.30058, 1.24972], [1.9133, 3.79942, 1.25023]]
region83: [[2.02255, 4.2855, 0.766505], [1.8569, 3.8145, 0.739846], [1.77745, 3.8145, 1.23349], [1.9431, 4.2855, 1.26015]]
