 0.00  0.20  0.00
 0.10  0.20  0.00
 0.10  0.20  -15.00
 0.10  0.20  15.00
 0.10  0.20  -30.00
 0.10  0.20  30.00
 0.20  0.20  0.00
 0.20  0.20  -15.00
 0.20  0.20  15.00
 0.20  0.20  -30.00
 0.20  0.20  30.00
 0.30  0.20  0.00
 0.30  0.20  -15.00
 0.30  0.20  15.00
 0.30  0.20  -30.00
 0.30  0.20  30.00
 0.40  0.20  0.00
 0.45  0.20  0.00
 0.50  0.20  0.00
 0.55  0.20  0.00
 0.60  0.20  0.00
 0.65  0.20  0.00
 0.70  0.20  0.00
 0.75  0.20  0.00
 -0.10  0.20  0.00
 -0.10  0.20  -15.00
 -0.10  0.20  15.00
 -0.10  0.20  -30.00
 -0.10  0.20  30.00
 -0.20  0.20  0.00
 -0.20  0.20  -15.00
 -0.20  0.20  15.00
 -0.20  0.20  -30.00
 -0.20  0.20  30.00
  0.00  0.20  0.00
 0.10  0.30  0.00
 0.10  0.30  -15.00
 0.10  0.30  15.00
 0.10  0.30  -30.00
 0.10  0.30  30.00
 0.20  0.30  0.00
 0.20  0.30  -15.00
 0.20  0.30  15.00
 0.20  0.30  -30.00
 0.20  0.30  30.00
 0.30  0.30  0.00
 0.30  0.30  -15.00
 0.30  0.30  15.00
 0.30  0.30  -30.00
 0.30  0.30  30.00
 0.40  0.30  0.00
 0.10  0.40  0.00
 0.10  0.40  -15.00
 0.10  0.40  15.00
 0.10  0.40  -30.00
 0.10  0.40  30.00
 0.20  0.40  0.00
 0.20  0.40  -15.00
 0.20  0.40  15.00
 0.20  0.40  -30.00
 0.20  0.40  30.00
 0.30  0.40  0.00
 0.30  0.40  -15.00
 0.30  0.40  15.00
 0.30  0.40  -30.00
 0.30  0.40  30.00
 0.40  0.40  0.00
