 0.00  0.20  0.00
 0.05  0.30  -30.00
 0.05  0.25  30.00
 0.10  0.20  0.00
 0.10  0.30  -30.00
 0.10  0.25  30.00
 0.20  0.20  0.00
 0.25  0.20  0.00
 0.30  0.20  0.00
 0.00  0.25  0.00
 0.04  0.41 -40.00
 0.21  0.28 -40.00
 0.00  0.33 -5.00
 0.17  0.23 40.00
 0.00  0.33 -40.00
 0.00  0.50 -40.00
 0.24  0.20 40.00
 0.00  0.33 -25.00
 0.00  0.25 -15.00
 0.00  0.50 40.00
 0.25  0.30 -40.00
 0.00  0.35 -5.00
 0.00  0.20 15.00
 0.20  0.30 -40.00
 0.00  0.50 35.00
 0.09  0.32 -15.00
-0.04  0.41 40.00
-0.21  0.23 40.00
 0.00  0.40 30.00
 0.28  0.26 -30.00
 0.04  0.38 -25.00
